139
Phvul.006G033200 0.0000000 4.8336823 5.8099523 5.9514640 2.9899145 3.7472579 3.8620437 4.1924063 4.3163938 3.4583707 2.4642249 3.8553920 2.8511609 2.6740334 2.7097905 2.4191007 2.8548976 2.9687281 2.9961464 2.8673311 2.9119055 3.0621759 4.4063653 4.1443619 4.3377074 4.2358110 3.9520760 3.8142774 3.3174008 3.6688747 3.0681769 3.5178737 3.1820692 4.0796548 3.7198455 3.8879363 3.5964429 3.5688174 3.4497747 3.8543427 4.0804353 3.7912022 8.6494654 3.9462820 4.0271952 3.8030949 3.8742253 4.6105702 4.1965073 4.9132202 4.3238750 3.1508607 3.5195264 3.2720741 3.0601741 3.0818317 3.1514991 5.5923176 3.7808936 3.9797958 3.9891076 3.8394126 3.2969541 3.4354933 3.3169710 3.9392440 2.7131580 3.6805245 3.2961193 3.5599947 3.4093934 4.2880825 3.5456801 3.6565850 3.2630195 3.2784424 1.9934638 2.0574371 2.0732137 2.1535074 2.0905024 2.0384352 2.1912132 2.3331058 2.2395124 2.7158664 2.4727761 2.4371951 2.6504988 2.4047569 2.6430214 2.7515021 2.9257633 2.8790451 8.3939898 2.6801321 2.8439921 3.0512426 2.5280137 2.5280137 2.8421737 2.9492177 2.8949210 2.8014805 5.3303923 5.2767781 4.8082107 4.7981996 4.5767942 4.3339578 4.0440988 4.4050300 4.9768268 3.8179837 3.7531097 4.0549401 3.8513467 3.4735238 8.9999987 2.7323833 3.1902450 5.2513955 3.7809308 4.0671959 3.3812222 3.5072047 3.0754279 3.0314587 6.8024895 3.0553273 6.6869218 3.5341059 3.7584584 3.7937792 3.5316758 3.1866815 3.5713933 3.8279321 3.6086789 
Glyma.10G062100  4.8336823 0.0000000 5.7570160 6.7672547 3.2763434 3.4797226 3.4019524 4.0955057 4.1844485 3.6495363 2.7385102 4.8074753 2.8132668 2.9199477 2.6877302 2.8252422 3.2743102 2.9064150 3.5735347 3.5593584 3.5526595 3.7486532 3.0344982 3.2020032 3.1490935 3.1569610 3.1319204 3.7382900 2.8449567 3.0047924 2.9324042 3.1409735 2.8384667 3.3287502 3.4093774 3.2933466 3.3431381 3.2426627 3.1815272 3.3145477 3.2729218 3.3427901 3.4382875 3.2824796 3.4344730 3.1380329 3.2021565 3.2009014 3.2682625 3.0823660 3.1920483 4.7646353 3.0521501 3.0996563 3.0017447 3.0480018 3.0889569 5.4187262 3.1925230 3.2372383 3.4782123 3.4688920 3.6762190 3.3914681 3.1832548 3.6310551 3.1772391 2.8608794 2.9250551 2.9077214 2.8697371 3.1763910 2.9549476 2.9859720 3.1109433 2.9844312 2.6758994 2.8340295 2.7659741 2.7999364 2.8507594 2.7186779 2.8999547 2.9403445 2.6641541 2.5159490 3.0221418 2.5951693 2.7255855 2.5255804 2.7288351 2.7418298 2.8702468 2.8282566 2.5012654 2.8204354 2.6971962 3.1664979 2.7461154 2.7461154 2.9978639 2.8883448 2.8900506 2.8793740 3.6269978 3.4636450 3.3191871 3.0547374 3.0086434 3.4564156 3.6000969 3.7504055 3.5090319 3.1535736 3.1419166 3.1489768 3.0648048 2.8225728 4.3819893 3.2073658 2.4856188 2.3602026 2.7011153 2.7109348 2.6254066 2.9512060 2.6510010 2.5297910 8.9999985 2.6452808 2.6894898 3.0785822 3.0183627 2.7863277 2.6453436 2.8318508 2.9069482 2.9507656 2.7781099 
VMungo1309G0875  5.8099523 5.7570160 0.0000000 5.1924721 4.6718060 6.3660453 5.7482914 6.1525285 8.9999988 5.7193917 3.1007380 3.2474259 2.9847116 2.7438927 2.3908848 2.0010947 3.1647251 5.4574729 5.5478925 5.1505374 5.6235259 5.2353333 5.2477179 5.0811977 4.8308744 4.7949215 5.1177680 5.2452991 3.6963825 4.2769025 4.4102194 4.4308432 4.4037234 5.1255646 5.0681127 4.5093136 4.3606995 4.5822836 5.2696121 5.7402785 5.0507712 5.4449428 5.5812337 4.1673358 4.3295512 4.0874328 4.3147745 3.9705783 4.2562902 3.7675330 3.4331908 5.2882101 3.3569011 4.0367135 4.1857904 4.4693528 4.2170082 8.9999982 5.7741082 5.2132316 5.3977171 5.8385450 4.8521590 4.8296740 5.6496372 6.7250213 4.0595917 4.4283930 4.0852221 3.9078720 4.1203802 2.5060923 4.7187189 4.2386706 4.3723991 4.5189707 3.3382343 3.2325027 3.4750021 3.3878182 3.5953888 3.7515525 3.4214772 3.2971851 3.8824114 3.8495014 2.8645783 3.1730546 3.1215936 3.1049913 2.9968428 4.3610940 4.1908606 4.4227672 4.2818459 3.6619115 3.1721792 4.6353364 3.6990677 3.6990677 3.6452959 3.4829414 3.5849804 3.5849804 5.3517391 4.5463226 4.7960718 4.3229609 4.6758030 4.7451047 4.7975350 5.4584962 4.6208180 5.1084281 4.8316516 6.0117669 5.5161469 4.1703791 8.0697751 4.2349749 4.1317552 3.1590171 5.0638110 4.6723733 3.9769576 3.7058173 4.4814153 4.9629918 6.5435458 4.4657218 4.6822198 4.3338522 6.0911686 4.5178253 4.1388929 4.5444366 4.0568291 4.7871299 4.4402601 
VMungo0251G1400  5.9514640 6.7672547 5.1924721 0.0000000 2.9651290 4.8306927 5.0376267 4.6965793 8.9999980 5.0376735 4.0095865 4.8180501 4.3443672 4.0369560 4.5657860 4.1988055 4.5531356 3.5567140 2.5032500 2.7009552 2.4883067 2.0705688 4.1728355 6.0682019 6.0492479 6.0399677 5.8139965 4.0146301 4.6978508 4.9583152 3.9789618 4.1788443 6.6173998 4.7752247 3.9378378 4.0024453 3.7977788 4.5579547 5.3069650 5.4921588 5.3034431 5.2851219 7.5643219 3.3997059 3.6827541 2.9788676 3.0760393 3.2895762 3.4535020 2.4928923 3.0779600 4.8381162 4.1483847 4.6408525 4.8690804 4.3257664 4.7427608 8.9999981 4.0306976 4.3756078 4.2650537 4.6915729 3.7237848 3.5282903 4.7860156 6.1729668 4.0599601 3.3941520 3.5092016 3.3698933 3.3226444 2.7616776 3.8650761 4.0871033 3.7780188 3.7180924 3.2123280 3.1352244 3.5299351 3.6005957 3.1561450 3.0263107 3.1992245 3.8038384 3.6415196 3.8012699 2.8671791 2.7752903 2.4967572 3.4531149 3.4927323 3.9695294 3.9030887 3.6463283 2.5991841 2.8418739 2.7129832 3.1695404 3.2818226 3.2818226 2.9233491 3.2383482 3.3918175 3.3615545 4.8964483 4.7343793 4.1290605 4.5678460 4.7332219 4.8143560 4.7922959 5.3317677 4.8191092 4.0608141 3.2736536 4.0064501 4.2433196 3.1508388 7.2729014 3.4044917 4.4425363 1.8532772 3.3743520 3.8171428 2.8946371 3.3689173 2.9855261 3.1252372 8.9999983 3.3773364 1.8081004 3.2590770 4.0146841 3.6334734 3.1122294 2.8126650 2.7911625 3.5776113 3.2952425 
Glyma.06G189100  2.9899145 3.2763434 4.6718060 2.9651290 0.0000000 2.6142616 2.4572075 2.7690470 3.0185884 2.4979533 1.7627294 2.6595706 1.9625720 2.2388976 1.9459645 1.9419417 2.0481629 2.0269680 2.5531432 2.5691182 2.5469108 5.1870302 3.0940749 3.2285497 3.3332057 3.0206923 3.0723998 3.6291944 3.5943041 3.1105021 2.8159688 2.8268872 2.2503192 2.7158791 2.3247022 2.1593099 2.0392851 2.1955530 3.0824771 2.1491606 2.2264778 2.2661202 6.0761166 2.9961577 2.5158097 2.7544482 2.8304269 2.0475236 2.6251394 3.0333210 2.4328847 1.9452566 1.9677737 2.3224229 2.4138500 1.9497776 2.3675521 3.6162032 2.2309683 2.1095486 2.1359372 2.3061868 2.0124733 2.0386417 2.0020048 2.0121899 2.2768676 2.7901168 2.7807366 2.8543431 2.6240390 2.2405031 2.7079599 2.5723316 2.8072896 2.6408464 2.1100459 1.9786615 2.0252092 2.0625064 2.2741027 2.2207436 2.1436989 2.6368977 2.3854344 2.3598835 1.6529894 1.7332881 1.7423666 1.6607296 1.6165897 2.5405844 2.4063727 2.4634476 3.0700730 1.4613722 1.7817291 1.8730351 1.9146930 1.9146930 1.7465995 1.8266295 1.8008129 1.7925152 1.7493011 1.9644987 2.0385398 1.9096692 1.9186969 2.2678249 2.6390831 2.8466298 2.6190702 2.0041004 2.0037847 2.1287597 2.0851781 2.0228917 2.3880117 2.0557308 3.0959177 1.6444603 2.2075976 1.7965133 1.7844728 2.0276915 2.6808573 2.7326181 8.4680868 3.0800809 1.3343854 2.0039844 2.0595016 1.9067486 1.8306152 1.8279236 1.6888143 2.1276614 1.9196231 
AT5G40020        3.7472579 3.4797226 6.3660453 4.8306927 2.6142616 0.0000000 1.0211610 0.8140184 1.0293815 0.8122189 2.2442900 4.2416200 2.2684087 2.4496085 2.3215688 2.2528298 2.2235521 1.6467505 1.6753884 1.6791878 1.6893438 1.9521043 1.7801665 2.0027235 1.9583372 1.9661085 1.9829882 2.1243520 1.9586889 1.8256216 1.8258616 1.8659431 2.6216624 1.7339784 1.8009343 1.8481971 1.7161491 1.7102272 2.0420653 1.9828774 2.0216370 2.0372602 1.6711031 1.9206335 1.9626594 1.8252911 1.7764134 1.8911215 1.7909738 1.6867699 1.6542982 2.9166605 1.9674278 1.9887042 1.9610882 2.0236533 1.9864296 3.5284998 1.5901593 1.6639991 1.6693773 1.5958253 1.6872490 1.7544729 1.5475128 1.6905630 1.7797475 1.8723569 1.7260576 1.7225648 1.7592001 1.8650163 1.8399976 1.7757673 1.9298933 1.8227591 1.8170842 1.7946711 1.8720302 1.8820926 1.9126848 1.9696169 1.8812951 1.8553291 1.8564540 1.8985445 1.7679887 1.7532984 1.8904032 1.7925770 1.9591980 1.7485032 1.6654865 1.7457850 1.3560998 2.0075078 2.0892885 1.8850552 1.7570637 1.7570637 1.7532627 1.8657988 1.8342299 1.7577329 2.1862476 2.2280864 2.3759090 2.2606748 2.1683180 2.5126768 2.6740944 2.6717635 2.6977824 2.3846164 2.2998798 2.2707443 2.2227217 1.8566619 2.4271185 2.0630223 1.6387307 1.5390920 1.8430188 1.8189392 1.8307983 1.7562536 1.8002452 1.7600037 8.9999985 1.7521501 1.4201079 1.8286635 1.8779161 1.7864450 1.7070594 1.7253962 1.8092471 1.9272248 1.9212291 
Phvul.004G024600 3.8620437 3.4019524 5.7482914 5.0376267 2.4572075 1.0211610 0.0000000 0.5409327 0.6506285 0.5271270 2.3853936 4.1517733 2.2293382 2.0339464 2.1688637 2.1478414 2.4197938 1.9829593 1.9786746 1.9854984 1.9266012 2.1367199 2.0364914 2.1788650 2.1248830 2.0237945 2.0433495 2.1001877 2.0393646 2.0479359 2.1423638 2.1531732 3.0396951 1.8864044 1.8422780 1.9268169 1.7030609 1.8331023 2.0919154 2.0131772 2.0780687 1.9437225 1.6196868 2.0097187 2.0668807 1.9367805 1.9007383 1.8839260 2.0843381 1.7844241 1.7884866 3.3861844 1.9193338 2.0190461 1.9395041 2.0273902 2.0388859 3.0572840 1.5316103 1.4783473 1.6648627 1.6443958 1.6349570 1.6689213 1.4865059 1.6654467 1.8722503 2.3516759 2.0993137 2.0091913 2.0360562 2.0274301 2.0646730 2.0569165 1.9989163 1.9702104 1.8446476 1.7541908 1.8507200 1.7631391 1.9259226 1.8777447 1.9859584 1.9397689 1.7109292 1.8549128 1.7637508 1.9604297 1.9268152 1.9654567 1.9486927 2.0774514 2.1216384 2.2331825 1.5826825 1.9300780 1.7365219 1.9324582 1.7879470 1.7879470 1.8771293 1.8268355 1.8966114 1.8325106 2.1424920 2.0228949 2.2049103 2.3137466 2.1466639 2.2707442 2.3337897 2.4818704 2.3476887 2.3095412 2.3117413 2.3933795 2.2072331 1.7362594 2.1375169 2.2966058 1.8806113 1.5113425 1.8884526 1.7019751 1.6563068 1.8214600 2.1384317 2.0511219 8.9999987 2.0689556 1.5344681 1.8721626 1.8946864 1.6602471 1.6257633 1.8682912 1.8678338 1.9037425 1.8211821 
Glyma.19G018400  4.1924063 4.0955057 6.1525285 4.6965793 2.7690470 0.8140184 0.5409327 0.0000000 0.4611253 0.3294252 2.5847316 3.9654229 2.2381175 2.1403698 2.3282047 2.1398773 2.6146459 1.8055475 1.8969049 1.9272736 1.8267251 2.2039911 2.1547240 2.3508750 2.3001250 2.2198607 2.2930196 1.9472857 1.9527556 1.8680535 2.1248229 2.2342767 3.1159763 2.0292361 1.9453296 1.9433372 1.8769785 1.8674669 2.3149274 2.0941830 2.1742189 2.1215511 1.8148536 2.1515694 2.1610539 2.0636139 1.9789418 1.9840540 2.1276116 1.8771537 1.8517056 3.5012537 2.2487755 2.4492148 2.3850946 2.4074355 2.4089173 3.3694236 1.5051628 1.4339090 1.6052180 1.6370116 1.6973072 1.6707898 1.3606609 1.5444108 2.0386249 2.2712941 2.1884566 2.0066930 2.0641610 2.2901469 2.1746068 2.2255550 2.1524129 2.0962179 1.9149017 1.9774122 1.9246216 2.0068359 1.9313286 1.9947689 1.9669906 2.0325052 1.9191818 2.1845239 1.9237100 2.1389630 1.9939917 2.1902654 2.0723494 1.9579014 2.0183955 2.0035759 1.6304035 2.0050437 1.9973193 2.1949378 1.8915154 1.8915154 1.9603731 1.9137808 1.9151710 1.8637345 2.2120408 2.1943426 2.2647897 2.3575181 2.2188157 2.4759539 2.6304088 2.6062391 2.5479352 2.1816730 2.0925169 2.2756324 2.1796988 1.8998227 2.0818870 2.2598551 1.9674596 1.3845901 1.7710676 1.8005172 1.8963357 1.7535504 2.0880120 2.0855606 8.9999990 2.1952442 1.3433440 1.7158671 1.9275423 1.6193459 1.5629985 1.7681771 1.6221349 1.7281864 1.7061078 
VMungo1309G1426  4.3163938 4.1844485 8.9999988 8.9999980 3.0185884 1.0293815 0.6506285 0.4611253 0.0000000 0.2148261 2.9671266 5.9790061 2.3902233 2.4478014 2.4823647 2.3364708 3.2424632 2.1587373 2.6993649 2.7742715 2.6389953 3.1185679 3.1744757 3.4902570 3.4167276 3.4209572 3.4911771 2.3065971 2.6907554 2.4231962 2.8414641 2.8895286 3.2246806 2.7867990 2.7020914 2.5368699 2.3451738 2.3481819 2.7256649 2.6801964 2.7886912 2.8051947 2.1613602 2.8492628 2.8043860 2.7875647 2.6572265 2.7397039 2.6485071 2.8865718 2.5482732 4.2960895 3.1520416 3.1313141 2.9587425 2.9827521 2.9029885 4.0942960 2.0897249 2.1219707 2.2730716 2.1762727 2.5401382 2.1840913 1.9127439 2.1691691 2.8450676 3.2988900 3.2436856 3.2329480 3.2078801 4.7770797 3.6980248 3.5622929 3.5634752 3.5072456 2.6067102 2.6394547 2.8643174 2.7890183 2.8303309 3.0149301 2.4957838 2.8668903 3.1002665 3.1041716 2.4246938 2.4095917 2.4582282 2.3075947 2.6119595 2.9787820 2.9661808 3.2403859 2.8840787 3.0562596 2.9498561 1.9188738 1.9712199 1.9712199 2.0238629 1.8936746 1.9154585 1.9154585 3.0431157 3.0187854 3.6224953 3.1631915 3.3007483 4.1335249 3.9114475 4.6044563 3.9893408 2.9675880 3.0745944 2.9367656 3.1765652 2.5103563 2.0969954 3.1370558 2.8737695 2.0169226 2.5695103 2.4442274 2.3185953 2.2635242 3.4323811 3.5004348 8.9999984 3.3190883 1.8070243 2.1357849 2.0901189 1.9693262 1.8803342 2.2957432 2.2422643 2.1707175 2.1014143 
VMungo0464G0607  3.4583707 3.6495363 5.7193917 5.0376735 2.4979533 0.8122189 0.5271270 0.3294252 0.2148261 0.0000000 2.7484355 4.1145864 2.2036841 2.1852522 2.4294012 2.0832946 2.6272332 1.9884993 1.8014586 1.8135530 1.7753937 2.1970147 2.2472241 2.3852129 2.3474794 2.2322693 2.2848975 2.5266114 1.9743935 1.8403819 2.0212253 2.0075138 2.9119122 1.9593976 1.9719382 1.7942845 1.6652772 1.6573074 1.9691967 2.1047150 2.1262588 2.1564847 1.7266584 2.0859381 2.0890914 1.9478017 1.8936718 1.9470033 1.9934453 1.8752106 1.8248558 3.2174324 2.3010288 2.3865435 2.2163223 2.2939298 2.2854422 3.7552042 1.6590851 1.5513399 1.5585476 1.6349579 1.7097697 1.7974012 1.4484547 1.6556170 2.1533001 2.2781495 2.1937365 2.1035153 2.1617297 2.3696604 2.2457023 2.3064983 2.1998836 2.1784715 1.8232700 1.8850590 1.9241084 1.9200840 1.9372937 1.9811535 1.8857216 2.0152093 1.9811537 2.0981404 1.9429126 1.8973842 1.9260541 2.5434292 2.0328943 2.0182179 2.0282576 2.0662908 1.6666170 2.1433894 2.1000603 2.5317573 1.7881208 1.7881208 1.8736822 2.0222757 2.0531467 1.7963453 2.2750255 2.2744529 2.3091647 2.4551612 2.3004348 2.5499492 2.4212228 2.7656059 2.5385678 2.2834966 2.1942517 2.2803931 2.1551177 1.9451225 2.1807395 2.1856334 1.9634841 1.4242041 1.7088187 1.8272200 1.9100898 1.7965897 2.0912981 2.0958338 8.9999990 2.1095485 1.3863801 1.7533035 2.1226523 1.7121604 1.6469416 1.8248467 1.7154953 1.8206394 1.8388593 
Glyma.01G165800  2.4642249 2.7385102 3.1007380 4.0095865 1.7627294 2.2442900 2.3853936 2.5847316 2.9671266 2.7484355 0.0000000 1.6139817 1.1121776 1.2062354 1.0983715 1.0669549 1.4813709 2.0350951 1.8537240 1.9372040 1.8871137 3.3931257 2.7019677 3.1338279 3.0534858 3.0040736 3.0889634 3.5333044 3.3830644 2.7302065 2.5460286 2.6602987 1.7806773 1.9759582 1.8586280 1.7200458 1.6784635 1.6829070 2.3782927 1.8101915 1.9021625 1.9204388 3.6632757 2.7741266 1.9679587 2.6609221 2.5285102 1.7134454 2.6252155 3.3871946 1.9364455 1.9374251 1.5247091 1.8193657 1.8288166 1.4845845 1.9457623 3.7002774 1.9267652 1.9646899 1.9356426 2.0827540 1.8538722 2.0571660 1.9161902 1.8499738 2.1926207 2.2122872 2.2490632 2.2558331 2.1878295 1.8063828 2.2379510 2.1595672 2.3747000 2.1894002 1.6895398 1.4792787 1.6498243 1.5320827 1.7135301 1.7047087 1.7166569 1.7580578 1.7965204 1.8104312 1.2972470 1.2205196 1.1671542 1.4552084 1.1074586 2.1642610 2.0145237 2.1688891 2.3074218 1.1107470 1.3984582 2.1779729 1.5124639 1.5124639 1.4093966 1.6917122 1.7178148 1.3859970 2.1073955 2.2151827 2.2678780 2.1661608 2.1443000 2.6219875 2.9331218 3.0036460 2.5996232 2.0965705 2.0595910 2.1892354 2.1945667 1.6484809 2.0082925 1.5462892 2.0706801 1.4801863 1.8524523 1.7058478 1.6470963 1.6598533 2.2574325 2.1381265 7.4754569 2.2978229 1.1994293 1.6054356 1.9544493 1.5091556 1.3970944 1.4459252 1.3909644 1.6466640 1.4358516 
VMungo0331G0260  3.8553920 4.8074753 3.2474259 4.8180501 2.6595706 4.2416200 4.1517733 3.9654229 5.9790061 4.1145864 1.6139817 0.0000000 1.2171917 1.0258302 1.0601276 1.0521699 1.8031593 3.5495535 3.9909544 4.1911622 4.1433981 3.8967797 3.5225999 3.6439638 3.6923448 3.6218661 3.6522056 3.4503262 3.4585952 3.5341032 3.3471645 3.5777617 3.3699839 3.5485718 3.5458669 3.7019305 3.7066512 3.6261851 4.1647272 4.1968851 4.0821963 4.1678474 7.6005219 3.0388064 3.0393385 2.9567237 2.8026684 3.2412208 3.3525297 5.6858171 3.5809109 2.3828830 2.6954989 2.6734673 2.7235853 2.6615390 2.6847358 6.7666839 3.1631435 3.2621002 3.5215716 3.4208463 3.3911328 2.9634501 3.5902377 3.5757729 2.7589936 2.6158736 2.6661293 2.5524499 2.4194183 2.8441943 2.8727263 2.8514108 2.9398561 2.6971576 2.1758969 2.1726690 2.1313223 2.0532384 2.3231603 2.3021978 2.2208322 2.4037170 2.0540933 2.2257569 1.8130997 1.7544155 1.8358256 1.7603559 1.7469270 2.5965756 2.4753232 2.5976371 4.2898691 2.4044264 1.9117368 2.7235293 2.6328446 2.6328446 2.9305383 2.7813550 2.7197076 2.7069286 3.7683847 3.8487136 4.1848916 3.7538625 3.7844356 3.9315249 4.3062617 4.6960126 4.3625415 3.3118846 3.3369501 3.5163035 3.7071761 2.8586582 6.3205498 2.7644613 2.5149248 4.1050475 3.6731424 3.0207327 2.5796965 2.9921345 2.8052439 2.6945366 7.2941354 2.6262956 5.1819435 3.3194430 3.0019339 3.2390647 2.8265198 2.8888032 2.9355092 3.1601652 2.8437798 
VMungo1215G3212  2.8511609 2.8132668 2.9847116 4.3443672 1.9625720 2.2684087 2.2293382 2.2381175 2.3902233 2.2036841 1.1121776 1.2171917 0.0000000 0.4098800 0.4553746 0.4486090 1.4849856 1.8845071 1.9027306 1.9562237 1.9401418 3.2066897 2.5817871 2.9691971 2.9412428 2.7359739 2.9494294 2.8550385 2.6717741 2.6294498 2.8284929 2.9082197 1.8102363 1.9905892 2.1285696 2.1160518 2.1157582 2.1431999 2.6135881 2.1939522 2.1844648 2.2337314 2.4800242 2.2331955 1.9161799 2.3772390 2.3441457 1.8823345 2.5161934 3.0445786 1.9806095 2.2793103 1.6788821 1.7956156 1.7451234 1.7704055 1.8358541 3.3886307 1.9262616 1.7953012 1.9008203 1.8015854 1.9443258 1.7468791 1.8143035 1.7468510 1.8223388 2.0289989 2.0479483 2.0118042 1.9219568 1.9933267 2.0617824 2.0823034 2.3006102 2.1057702 1.4785200 1.4907347 1.4856128 1.4673399 1.5391327 1.5969325 1.5852424 1.8296559 1.5648088 1.6625170 1.5015121 1.2687274 1.2837008 1.2473670 1.1883766 1.7540389 1.8952269 1.9419484 2.0918982 1.2737483 1.4555133 1.5746038 1.5900235 1.5900235 1.5607881 1.5313418 1.5250721 1.5250721 1.9932385 2.0897347 2.1157636 2.0523404 2.1125870 2.4633331 2.7625351 2.5719570 2.5788694 1.8889792 1.8391539 2.0231857 2.0214175 1.4476476 2.1532116 1.4790161 1.7886162 1.6138663 1.8349023 1.6838353 1.6024923 1.6936006 1.9214865 1.8241546 8.2380844 1.7280456 1.3886974 1.7791063 1.6434264 1.6437171 1.4676693 1.5207928 1.5543271 1.6702530 1.5497938 
VMungo1215G0547  2.6740334 2.9199477 2.7438927 4.0369560 2.2388976 2.4496085 2.0339464 2.1403698 2.4478014 2.1852522 1.2062354 1.0258302 0.4098800 0.0000000 0.2407560 0.2687186 1.5203570 2.0648742 2.0884764 2.1647426 2.1656081 3.3065408 2.9433800 3.1957124 3.1850704 3.0010915 3.1592032 3.1314636 3.2840829 2.8983063 2.8976397 2.9712276 1.7469413 1.9013918 1.9753030 1.9498164 2.0062921 2.0350284 2.7347964 1.9768416 1.9360961 1.9834050 3.8733678 2.3673173 1.8978305 2.4030057 2.2706657 1.8856485 2.6150772 2.8156778 1.9177965 1.8476000 1.5075821 2.0094171 1.9719130 1.6574331 2.1177009 3.2345980 1.7935776 1.7814315 1.8591734 1.7986589 1.7741325 1.6302407 1.8315622 1.7936058 1.9625062 2.1424227 2.2376725 2.1710274 2.0834763 2.0324865 2.4079325 2.3833694 2.3765823 2.1566323 1.7712457 1.6763242 1.7911892 1.7123471 1.9565597 1.9121372 1.8361793 1.6321097 1.6435289 1.8123367 1.5942318 1.4869620 1.4953082 1.4947868 1.4909328 1.8493795 1.9128689 1.9586110 2.9511889 1.1271562 1.4897921 1.4668546 1.5144160 1.5144160 1.5010309 1.4961170 1.4743856 1.4667217 1.9517209 1.9936333 2.2500190 2.0988362 2.1485677 2.3758817 2.6190292 2.6960845 2.6304803 1.9176723 1.8657229 1.9846250 2.0506080 1.5337472 2.2845088 1.5111344 2.1201955 1.7622833 1.9008743 1.6929357 1.5176778 1.5559383 2.1438830 2.2593539 7.8712589 2.2995008 1.5181026 1.6822104 1.5335805 1.5995328 1.4029224 1.5020729 1.5250479 1.6251865 1.4779183 
VMungo1215G2144  2.7097905 2.6877302 2.3908848 4.5657860 1.9459645 2.3215688 2.1688637 2.3282047 2.4823647 2.4294012 1.0983715 1.0601276 0.4553746 0.2407560 0.0000000 0.2162027 1.3936306 1.9421135 2.1454832 2.1908614 2.1376623 3.1845290 2.8840669 2.9505907 2.9672456 2.7918462 2.9461733 3.0288100 2.9631865 2.5941050 2.9424422 2.9300882 1.7011783 1.8438850 2.1572871 1.9813934 1.9405693 2.0432906 2.7282221 1.9637797 1.8918983 2.0073419 3.6879147 2.2226647 1.8128883 2.2667275 2.0995270 1.7944013 2.4784410 2.8553876 1.9471608 2.0328345 1.5057758 1.9024495 1.8449372 1.5560784 1.9899986 2.9537660 1.8116814 1.8263899 1.8885398 1.8530298 1.7117626 1.5376956 1.8850333 1.8652072 1.9626943 2.0005787 2.1931477 1.9993482 1.9607188 1.8693909 2.2947717 2.2426668 2.3488346 2.1436615 1.6600872 1.5709395 1.6377041 1.5279313 1.8389962 1.8014551 1.7527853 1.5184070 1.6169978 1.6623906 1.3834934 1.4203683 1.3860105 1.3786798 1.2946620 1.7332291 1.8424892 1.8965899 2.5401381 1.1641531 1.4583994 1.5621893 1.4745022 1.4745022 1.4524180 1.4886335 1.4130832 1.3958204 1.9799836 2.0092420 2.1107253 1.8586411 1.8846754 2.3734505 2.6493005 2.4347652 2.3991181 1.9966552 1.9270995 2.0711336 2.1042349 1.5674173 2.2595336 1.3921161 1.9620071 1.6974422 1.9083180 1.4976285 1.3947369 1.5426522 2.0647773 2.1789760 6.9933453 2.1182330 1.3028839 1.4509685 1.4751803 1.4168520 1.2954287 1.2826253 1.2976144 1.5091721 1.3129868 
VMungo1215G2172  2.4191007 2.8252422 2.0010947 4.1988055 1.9419417 2.2528298 2.1478414 2.1398773 2.3364708 2.0832946 1.0669549 1.0521699 0.4486090 0.2687186 0.2162027 0.0000000 1.3752372 1.7185681 1.8053166 1.8169558 1.7938378 2.9350037 2.5789519 2.8155017 2.8887893 2.7555038 2.6759594 2.8268923 2.9372458 2.3223866 2.7420189 2.7475994 1.7332373 1.8841505 1.9278365 1.8596308 1.8313102 1.9239883 2.6269112 1.9795936 1.9402122 2.0337011 3.7445334 2.0982292 1.7402867 2.2411386 2.1906948 1.7052915 2.3812677 2.5364232 1.7922532 1.6576099 1.5546258 1.9191679 1.8272462 1.6081610 2.0692274 3.3236133 1.7948504 1.7419261 1.8340668 1.7408416 1.6667187 1.5202664 1.7178070 1.7834907 1.9091254 2.0115523 2.1133773 2.0742827 2.0616846 2.0617273 2.3862933 2.3490704 2.3208738 2.1664650 1.6658221 1.5676270 1.7509220 1.5489775 1.7993245 1.7860902 1.8015558 1.5486316 1.6798629 1.7045639 1.4826588 1.5093088 1.4977398 1.4433042 1.4107856 1.7522776 1.8363760 1.9114639 2.5949259 1.1026903 1.4570220 1.3205171 1.4530987 1.4530987 1.3335771 1.3588861 1.3223450 1.3223450 1.8325278 1.8897810 2.0464123 1.7749298 1.8369274 2.3893560 2.6940483 2.6217424 2.6659414 1.7683228 1.7212842 1.8692494 1.7797611 1.5648967 2.1620362 1.4352749 2.0481659 1.6429866 1.7944328 1.6456615 1.5767435 1.6279605 2.0046426 2.0863165 6.6636085 2.1446317 1.4154405 1.6379850 1.5911827 1.6393135 1.4620756 1.4705197 1.4893558 1.6559612 1.4785946 
Glyma.04G176200  2.8548976 3.2743102 3.1647251 4.5531356 2.0481629 2.2235521 2.4197938 2.6146459 3.2424632 2.6272332 1.4813709 1.8031593 1.4849856 1.5203570 1.3936306 1.3752372 0.0000000 1.9086149 1.9791564 1.9341575 2.0166696 4.3170394 2.7005745 3.0026762 2.8336308 2.8607376 2.8474634 2.7549209 3.2632741 2.7939344 2.6664638 2.5954625 2.0477665 2.0769238 2.2505959 2.0225548 1.9069208 1.9537124 2.9605821 1.9583906 2.0060449 2.0478868 3.8383640 2.3487268 1.9743207 2.4486241 2.3711724 1.8429896 2.5114219 2.7809680 2.1864260 1.9459914 1.6674395 2.0670217 2.1181558 1.8602722 2.0492486 3.1771714 1.7870248 1.8013303 2.0057503 1.9822859 1.8061151 1.7888294 1.6829682 1.6201459 2.0038834 2.1407798 2.1584977 2.1435985 2.0797360 2.0597476 2.2457419 2.1779602 2.2317814 2.0376706 1.4899996 1.4953020 1.6081544 1.6485773 1.8404610 1.8914712 1.8556481 2.2082648 1.7783862 1.9519541 1.3140585 1.1785752 1.2140405 1.1523080 1.2484149 2.2632158 2.1766138 2.1984683 2.3650306 1.1843183 1.4756868 1.5408267 1.4008528 1.4008528 1.4816103 1.4276149 1.4018931 1.3948896 1.9129986 1.8895332 1.9515427 1.7516135 1.7031339 2.1266934 2.5592877 2.5533558 2.6877949 1.8091310 1.7805899 1.7832782 1.8889762 1.6682009 2.2066892 1.6543933 2.6589124 1.5601074 1.8317683 1.7402903 1.7285753 1.9476949 2.4237289 2.5079836 7.5802191 2.5705372 1.4260490 1.7735524 1.7587203 1.6717439 1.5352247 1.6809083 1.6883262 1.8256069 1.6239277 
AT2G28790        2.9687281 2.9064150 5.4574729 3.5567140 2.0269680 1.6467505 1.9829593 1.8055475 2.1587373 1.9884993 2.0350951 3.5495535 1.8845071 2.0648742 1.9421135 1.7185681 1.9086149 0.0000000 0.6096242 0.6425852 0.6506361 0.7624116 1.8320485 1.9011374 1.9229247 1.9627885 1.9936545 2.2227872 1.7184635 1.6929185 1.6614522 1.7721543 2.8183924 2.1496502 2.3158919 2.0086571 2.0171890 2.0702945 2.0500641 2.1775345 2.0896343 2.1117588 1.6548457 1.8323765 1.8426496 1.8064225 1.7811593 1.8221950 1.8770976 1.6494800 1.7881550 2.5974501 1.7732191 1.5586014 1.5298881 1.5877618 1.5457909 3.8846150 1.5978610 1.6034758 1.6768849 1.6965561 1.7422005 1.9536666 1.5683289 1.8003607 1.6941878 1.8223088 1.6949885 1.7112196 1.7579764 1.9565321 1.7697506 1.7649989 1.8691740 1.7658863 1.4476811 1.3973087 1.3581952 1.4484472 1.4355384 1.3979900 1.5679108 1.4499952 1.4801847 1.3788191 1.4310206 1.3672706 1.3806404 1.7160457 1.4674956 1.7083360 1.6066201 1.6505951 1.3464203 1.5540115 1.4257704 2.2037030 1.7994745 1.7994745 1.7530284 1.8545584 1.8990426 1.6539930 2.2402131 2.2131066 2.3585702 2.0945708 2.1266712 2.6072661 2.2957953 2.3885463 2.3800247 2.0846829 2.0219366 2.1811685 2.1129555 1.7223187 2.5351141 1.9307858 1.5100420 1.3621498 1.7371139 1.7882552 1.8014704 1.7731018 1.4644147 1.4299112 8.9999987 1.4704108 1.4587107 1.7707666 2.1428095 1.6671160 1.5956916 1.5517825 1.5973624 1.6731502 1.5792743 
Glyma.11G140800  2.9961464 3.5735347 5.5478925 2.5032500 2.5531432 1.6753884 1.9786746 1.8969049 2.6993649 1.8014586 1.8537240 3.9909544 1.9027306 2.0884764 2.1454832 1.8053166 1.9791564 0.6096242 0.0000000 0.0511733 0.1674591 0.2294267 1.9221360 1.9088720 1.9147009 1.8062997 1.8775880 2.0370358 1.7078212 1.7532319 1.8331048 1.8206213 2.9599499 2.1927984 2.1054854 2.1047519 2.0677265 2.1135900 2.2349926 2.2106973 2.2543067 2.1879633 1.7318603 1.9043951 1.9426345 2.0473023 1.9651648 2.0685511 2.1425733 1.9208551 1.9839880 3.4777841 2.0940620 1.9178398 1.9341721 1.9018680 1.8887456 3.8939368 1.7893894 1.6964303 1.8319120 1.7461856 1.7687718 1.7969046 1.5284643 1.8450904 1.7732189 1.6949894 1.6338383 1.6499719 1.6889831 2.0512611 1.9609400 1.8794274 2.0396118 1.8295324 1.5487541 1.5538049 1.7277258 1.6743453 1.8009121 1.8003860 1.9237741 1.9368466 1.7906789 1.9012889 1.8148593 1.6868384 1.6950595 1.7984141 1.8709768 1.6457510 1.6785463 1.6991977 1.6121840 1.7021282 1.7210320 1.9136253 1.9596890 1.9596890 1.9067144 2.0552568 2.0078289 1.9822233 2.1823179 2.2595466 2.2239570 2.2849804 2.1988188 2.1554250 2.2243312 2.1698556 2.4459401 2.2741875 2.2707707 2.2620449 2.2376958 1.7723770 3.1446792 2.4410776 1.7735530 1.7524747 2.0531142 1.9195069 1.9348893 1.8911005 1.5781918 1.6782265 8.9999984 1.6524733 1.5386214 1.7411967 1.7679128 1.9150658 1.7740517 1.8496767 1.8339177 1.8231234 1.8771822 
Glyma.12G064300  2.8673311 3.5593584 5.1505374 2.7009552 2.5691182 1.6791878 1.9854984 1.9272736 2.7742715 1.8135530 1.9372040 4.1911622 1.9562237 2.1647426 2.1908614 1.8169558 1.9341575 0.6425852 0.0511733 0.0000000 0.1727794 0.2488289 1.9958329 1.8976829 1.9160765 1.7961495 1.8666922 2.1156071 1.7456805 1.8115264 1.8668883 1.9182272 2.9005284 2.0895719 2.0733004 2.0448319 2.0301264 2.1057511 2.1231559 2.0789597 2.1214776 2.0593670 1.6939239 1.8634277 1.8878584 2.0030250 1.9408213 1.9432352 2.0815371 1.8452957 1.9367659 3.4193287 1.9737501 1.8891718 1.8229035 1.8302841 1.8177594 3.4814861 1.7669350 1.6966221 1.8094878 1.7231194 1.7207074 1.7107928 1.4981222 1.7573145 1.8024698 1.7414741 1.7184474 1.7088575 1.7499158 2.2314392 2.0054368 1.9214038 2.0715861 1.8559221 1.5300377 1.5352253 1.7276387 1.6832435 1.8417619 1.8145867 1.9211364 1.9272405 1.7620558 1.9059470 1.8315166 1.6785120 1.7077365 1.7597905 1.8450152 1.6720793 1.7057287 1.7433679 1.6553956 1.6697329 1.6994570 1.8149834 1.8729660 1.8729660 1.8612725 2.0049788 1.9238236 1.8986377 2.1699505 2.2235454 2.1919020 2.2092945 2.1438341 2.1809759 2.2064290 2.1332988 2.4286517 2.3695618 2.4205332 2.3545802 2.3311709 1.7248480 3.1587591 2.4556819 1.8036360 1.7646189 2.0268033 1.8703110 1.9263860 1.8790093 1.5978626 1.6979141 8.5331271 1.6603719 1.5754647 1.7246191 1.7197379 1.8764067 1.7282909 1.8112909 1.7902719 1.7798250 1.8133977 
Phvul.011G065300 2.9119055 3.5526595 5.6235259 2.4883067 2.5469108 1.6893438 1.9266012 1.8267251 2.6389953 1.7753937 1.8871137 4.1433981 1.9401418 2.1656081 2.1376623 1.7938378 2.0166696 0.6506361 0.1674591 0.1727794 0.0000000 0.1205450 2.0627024 1.9861137 2.0078785 1.8751665 1.9512186 2.0544812 1.7569722 1.7833231 1.8642313 1.8392178 2.8558313 2.0778176 2.0834712 1.9395931 2.0342277 2.0247584 2.1568176 2.2525317 2.2051841 2.1389946 1.7061044 1.7814542 1.8166506 1.8593673 1.8166652 1.8794598 1.9361364 1.7809071 1.8443592 3.4274618 2.0737828 1.9733074 1.8278841 1.8877612 1.8668486 3.3958405 1.6795183 1.6546367 1.7918884 1.7025971 1.6894276 1.7433450 1.5224930 1.7548080 1.8381231 1.9460986 1.7973138 1.7806180 1.8183687 2.3686053 1.9414239 1.8400345 1.9882651 1.8742536 1.5880130 1.5748579 1.6862219 1.6790957 1.7858227 1.7757252 1.9562566 1.9436329 1.7714934 1.8585401 1.8103009 1.7196422 1.6952586 1.8279460 1.8921724 1.7255836 1.7651322 1.7905459 1.6641826 1.7322880 1.6163347 1.9488793 2.0000998 2.0000998 2.0199078 2.1074964 2.0380097 2.0119618 2.0459478 2.2357732 2.1717950 2.1701969 2.0821211 2.0663259 2.2395641 2.2300395 2.3934910 2.3019069 2.2855040 2.3505188 2.2553744 1.7835420 2.8953058 2.4176888 1.7487965 1.6340400 2.0110521 1.9428743 1.9954562 1.7911474 1.5741672 1.6888234 8.9999990 1.6678176 1.5993040 1.7210285 1.7628997 1.8336922 1.7184494 1.7031430 1.7024620 1.6879574 1.7433211 
VMungo1127G0335  3.0621759 3.7486532 5.2353333 2.0705688 5.1870302 1.9521043 2.1367199 2.2039911 3.1185679 2.1970147 3.3931257 3.8967797 3.2066897 3.3065408 3.1845290 2.9350037 4.3170394 0.7624116 0.2294267 0.2488289 0.1205450 0.0000000 2.8958574 2.8727932 2.9418164 2.7865763 2.8618755 3.0639442 2.9863910 2.7061002 2.6298326 2.6298031 3.1898872 2.3071457 2.2076089 2.1163968 2.1971597 2.1447651 3.1981555 2.4893545 2.4595376 2.3618115 4.3748686 2.6016332 2.3284088 2.5644469 2.6430977 2.1488973 2.8786748 3.2518094 2.2921997 3.8630136 2.6572784 2.8470705 2.7481624 2.5561470 2.7276947 3.7474230 1.7525542 1.7260323 1.8589553 1.8691382 1.8384041 1.8477774 1.6196766 1.9513766 2.9056154 2.9776954 2.8399658 3.0566169 3.0418110 3.9451778 2.9704787 2.8255232 2.9339459 2.7439297 2.4971137 2.5052985 2.6747808 2.6194637 3.0933302 2.9832739 3.1203369 3.5897698 2.4961393 3.0852284 2.5230286 2.2668621 2.3061708 2.3663505 2.4210390 2.8539188 2.8815533 2.9641123 3.4880000 1.8748226 2.1696109 1.9934970 2.1428958 2.1428958 1.9947741 2.1528797 2.0820507 2.0557449 2.2742644 2.5003717 2.5117690 2.5270243 2.4230955 2.6660092 2.7848306 2.6825560 3.0059542 2.5850871 2.4589753 2.5652824 2.5469782 1.8012039 3.0447485 2.4155899 3.2478346 1.6398922 2.0287059 2.0606215 2.1582421 1.9083708 2.8454603 3.3481418 8.9999989 3.1978370 1.6603606 1.7115002 1.8230657 1.9558412 1.8547635 1.7570472 1.7622088 1.8104236 1.8235304 
VMungo0540G1225  4.4063653 3.0344982 5.2477179 4.1728355 3.0940749 1.7801665 2.0364914 2.1547240 3.1744757 2.2472241 2.7019677 3.5225999 2.5817871 2.9433800 2.8840669 2.5789519 2.7005745 1.8320485 1.9221360 1.9958329 2.0627024 2.8958574 0.0000000 0.3802404 0.4421626 0.4262941 0.3960099 1.2607010 1.1522302 1.0272489 0.8631717 0.9080233 2.8279265 1.7562740 1.5747582 1.5996515 1.5943918 1.6574987 2.1941690 1.6835264 1.6635053 1.7002145 2.5910594 2.1506322 1.8886094 2.2218766 2.2237474 1.6972085 1.9977333 2.1520426 1.6463226 2.8182311 2.0432806 2.2939858 2.2774536 2.0721255 2.4174609 3.0974238 1.5704674 1.5567308 1.7304406 1.6252295 1.5126498 1.5523026 1.6084321 1.7892465 1.7943862 1.7747683 1.8041657 1.8355740 1.7138451 1.8522155 2.0658425 2.0568503 1.8583482 1.7489913 2.0169537 1.9765631 2.0068923 2.0851977 2.1694231 2.1040730 2.3028062 2.1352749 2.0649467 2.1059566 1.8555044 2.0188070 1.9834944 2.1607557 2.0615493 1.9816019 1.8448112 1.9154550 1.5999801 1.4366910 1.7422345 1.8859826 1.7751451 1.7751451 1.8173880 1.9083879 1.9155699 1.8712424 1.8765720 1.7164542 1.8961414 1.7594569 1.6961487 2.2575562 1.9918397 2.0010564 1.9137597 1.8154482 1.8454328 2.0251827 1.8218337 1.1996544 1.5870192 2.0143220 1.9005508 1.2058757 1.5652739 1.3758660 1.3932939 1.3463064 1.7847880 1.8973240 7.3610292 1.7584350 1.0318022 1.4370118 1.4101633 1.3031325 1.2630191 1.4061622 1.3219573 1.4849490 1.4207981 
Glyma.05G169700  4.1443619 3.2020032 5.0811977 6.0682019 3.2285497 2.0027235 2.1788650 2.3508750 3.4902570 2.3852129 3.1338279 3.6439638 2.9691971 3.1957124 2.9505907 2.8155017 3.0026762 1.9011374 1.9088720 1.8976829 1.9861137 2.8727932 0.3802404 0.0000000 0.0975278 0.1177743 0.0973275 1.3694073 1.1175823 0.9920909 0.9074800 0.9231473 2.9685387 1.7700707 1.6201307 1.7040855 1.6683708 1.6928921 2.0703469 1.7412224 1.6886739 1.6563529 2.3786335 2.0614370 1.8130759 1.9975460 2.0773997 1.7147487 1.9907229 2.2211617 1.6025706 2.6563887 2.0258091 2.2722613 2.2025568 1.9551293 2.2102032 2.5141911 1.5078293 1.4934066 1.6156550 1.5133052 1.5387320 1.5928253 1.5948339 1.8170115 1.9953022 1.8936910 1.8481673 1.8847823 1.7148905 1.9811425 1.9122497 1.9563294 1.8978035 1.8989361 2.0724564 1.8909557 1.9079028 2.0098158 2.2760772 2.1687731 2.3594189 2.0895064 2.1418523 2.1816078 2.0375954 2.2323197 2.1886708 2.2750903 2.1418156 1.9198926 1.9534591 1.9867155 1.7646249 1.6289646 2.1123068 1.9089971 1.8002837 1.8002837 1.7835706 1.9299026 1.8882367 1.8505413 1.8474097 1.7559285 1.9133809 1.7115164 1.6728700 2.2244558 2.0526793 2.1945005 2.0763975 1.8492401 1.9052474 2.0396291 1.8516534 1.1568458 1.8158567 2.1645014 1.8832735 1.2581077 1.5400925 1.3890619 1.4094097 1.4541406 1.7876825 2.0444088 7.5302137 1.9093316 1.1551484 1.4496723 1.4628310 1.3339188 1.2965819 1.4626235 1.3129247 1.5081915 1.4480519 
Glyma.08G128000  4.3377074 3.1490935 4.8308744 6.0492479 3.3332057 1.9583372 2.1248830 2.3001250 3.4167276 2.3474794 3.0534858 3.6923448 2.9412428 3.1850704 2.9672456 2.8887893 2.8336308 1.9229247 1.9147009 1.9160765 2.0078785 2.9418164 0.4421626 0.0975278 0.0000000 0.1644650 0.1585691 1.4101936 1.1605954 1.0929082 1.0473211 1.0764943 2.9068904 1.7764303 1.5768198 1.6682991 1.6403816 1.6505160 2.1235347 1.6961287 1.6463440 1.6234130 2.4255003 2.0491849 1.7959104 1.9678257 2.0545624 1.7087888 2.1005201 2.2318397 1.6170902 2.6282320 1.9514123 2.2637818 2.1753026 1.9526996 2.3865717 2.7467473 1.5300549 1.5339075 1.6156241 1.5600250 1.5576073 1.6044853 1.5742008 1.7693950 2.0130983 1.9707040 1.9568370 1.8798061 1.8336774 1.9373318 1.9828548 1.9837033 1.9947359 1.9596492 2.0354290 1.8392426 1.8295504 1.9425908 2.2714882 2.1409753 2.2895756 2.1923519 2.1651452 2.3169316 2.0905442 2.2415508 2.1515254 2.2943417 2.1925512 1.8855853 1.9030488 1.9039441 1.8917175 1.6303496 2.0640324 1.9293499 1.7740029 1.7740029 1.8306755 1.9910343 1.9490611 1.9060453 1.9363017 1.8503953 1.9658074 1.8364773 1.7871379 2.2957121 2.1358153 2.2830929 2.0829418 1.9072583 1.9647420 2.0780427 1.9149180 1.1684840 1.8906630 2.1601589 1.9668961 1.2651962 1.5436653 1.3900034 1.4139308 1.4750425 1.9014581 2.0816654 7.3703563 2.0422153 1.1188524 1.4043749 1.4496324 1.3126407 1.2721179 1.4215824 1.2931660 1.4494769 1.3995946 
Phvul.002G250400 4.2358110 3.1569610 4.7949215 6.0399677 3.0206923 1.9661085 2.0237945 2.2198607 3.4209572 2.2322693 3.0040736 3.6218661 2.7359739 3.0010915 2.7918462 2.7555038 2.8607376 1.9627885 1.8062997 1.7961495 1.8751665 2.7865763 0.4262941 0.1177743 0.1644650 0.0000000 0.0554605 1.3095589 1.1511781 1.0427677 0.9974533 0.9756375 2.8432436 1.7568434 1.5721813 1.6978221 1.6459964 1.6735195 2.0787212 1.7021860 1.6869598 1.6546739 2.1988534 1.9927684 1.7222475 1.9450339 1.9916029 1.6748497 1.9895159 2.1073371 1.6367568 2.6915942 1.9161720 2.2404679 2.1283686 1.8997823 2.1583901 2.6432815 1.4978966 1.4986367 1.6379588 1.5619452 1.4984672 1.5922064 1.5662345 1.7337597 1.9352373 1.8177002 1.7806126 1.8077222 1.6706133 1.8700031 1.8067257 1.8021569 1.8536047 1.8030905 2.0785347 1.9498452 1.8750929 2.0216723 2.1895478 2.1300912 2.2416639 2.0256516 2.0395692 2.1781337 2.0400955 2.1524965 2.1334461 2.2207823 2.1427485 1.9377256 1.9576925 2.0009396 1.7541644 1.6057474 1.9448796 1.9145752 1.7517318 1.7517318 1.8168158 1.9734427 1.9301826 1.8863895 1.8138849 1.7435260 1.9228769 1.7788341 1.7428863 2.1689254 2.0194584 2.0417795 1.9512109 1.8652956 1.9226228 1.9772472 1.8651753 1.1738015 1.8454406 2.1786612 1.8847594 1.2358890 1.4949752 1.4147372 1.3985802 1.4473745 1.7374633 1.9765886 7.0501858 1.8613321 1.1135584 1.4599598 1.4783310 1.3077669 1.2819816 1.4476297 1.3154882 1.4893050 1.4263905 
VMungo0251G2158  3.9520760 3.1319204 5.1177680 5.8139965 3.0723998 1.9829882 2.0433495 2.2930196 3.4911771 2.2848975 3.0889634 3.6522056 2.9494294 3.1592032 2.9461733 2.6759594 2.8474634 1.9936545 1.8775880 1.8666922 1.9512186 2.8618755 0.3960099 0.0973275 0.1585691 0.0554605 0.0000000 1.3324972 1.1614176 0.9952094 0.9444409 0.9172303 2.8317020 1.7515412 1.5787015 1.7048596 1.6464727 1.6739396 2.0622618 1.6867454 1.6713817 1.6394972 2.4263570 1.9942625 1.7208047 1.9473914 2.0046088 1.6244872 1.8952825 2.0637203 1.5274590 2.6757251 1.9088467 2.1953930 2.1315993 1.8944733 2.1818117 2.6667888 1.4947672 1.5222598 1.6194093 1.5098984 1.5223383 1.6216592 1.5728038 1.7710768 1.9150450 1.8760393 1.8348535 1.8481470 1.6882496 1.8795469 1.8643824 1.8888349 1.8697050 1.8343332 1.9988447 1.8753557 1.8451385 1.9705806 2.1966617 2.1369221 2.2328565 2.0008947 2.0321674 2.1358228 1.9516429 2.1656090 2.1440052 2.1685851 2.1071417 1.9110065 1.9340318 1.9782689 1.7361663 1.5993626 1.9549839 1.8451444 1.7808225 1.7808225 1.8081110 1.9635373 1.9206128 1.8770697 1.7667752 1.7198141 1.9444562 1.7372829 1.7016274 2.1412022 2.0427279 2.0863808 2.0019417 1.7957397 1.8498007 1.9551229 1.7948332 1.1854057 1.9280421 2.2036432 1.8571162 1.2307653 1.4841250 1.4175420 1.4323829 1.4812610 1.7558001 2.0153862 6.8200898 1.8638675 1.1491491 1.5112591 1.5230150 1.3425709 1.3163043 1.5030830 1.3539004 1.5482991 1.4752868 
AT1G77700        3.8142774 3.7382900 5.2452991 4.0146301 3.6291944 2.1243520 2.1001877 1.9472857 2.3065971 2.5266114 3.5333044 3.4503262 2.8550385 3.1314636 3.0288100 2.8268923 2.7549209 2.2227872 2.0370358 2.1156071 2.0544812 3.0639442 1.2607010 1.3694073 1.4101936 1.3095589 1.3324972 0.0000000 1.0583728 1.0544149 0.8921082 0.9269894 2.5973530 1.5878596 1.5054591 1.4239338 1.3889440 1.4931896 2.1901515 1.6608612 1.6973707 1.7433677 2.4352058 1.9638761 1.5921068 2.0692988 1.9864470 1.4936075 2.0521276 2.0114829 1.3784513 2.9986734 1.9323072 2.4530174 2.2602637 1.9943415 2.3914223 2.7277072 1.3555267 1.4475101 1.4911642 1.4583379 1.3907994 1.7128824 1.6798504 1.7123363 1.7843173 1.9569070 2.0868888 2.0057780 1.9307743 1.9254560 1.8982628 1.9429570 2.1558009 1.9330164 2.1571474 2.2184008 2.2272096 2.0749844 2.3961479 2.4265159 2.2366654 2.2600634 2.2931593 2.3663462 2.0896803 1.9796278 1.9961733 2.3478076 2.0274369 1.8653934 1.7274412 1.6644963 1.8348378 1.4869663 2.0075190 2.7372590 1.5530487 1.5530487 1.5014189 1.7235104 1.7470851 1.5327778 1.6457972 1.6119811 1.8891535 1.6308265 1.6188916 1.9804767 1.9466248 2.0462869 1.9234331 1.8162549 1.8210316 1.9317489 1.8496280 1.1362499 1.5014708 1.8284001 2.2402118 0.9807435 1.4035191 1.3559652 1.2381970 1.2091899 2.1017333 2.0109883 7.6045728 2.0867139 0.8841945 1.2824721 2.0163854 1.3928316 1.4033543 1.3347141 1.2566442 1.4339963 1.3430114 
