113
AT1G18250       0.0000000 0.9499878 0.9321537 0.1807311 0.9231463 0.9608443 0.9762634 1.0285853 1.0538009 1.1104650 1.6797878 1.3789917 1.2218549 1.5469920 0.9889926 0.6218136 1.0110055 0.9460822 1.2339626 1.1479632 1.0734185 1.3523120 0.8940787 1.0010989 1.4967988 1.3426745 1.3820880 0.9535908 1.1806621 1.1103711 1.0082642 0.6409321 1.5881325 1.2487760 1.1639723 1.3451628 1.2837876 0.3223668 0.9773136 1.1353718 1.5876382 1.1310543 0.2917500 1.1806788 1.2117570 0.6089684 1.1296033 1.1138040 1.1138040 1.1296033 1.1269174 2.4048561 1.3563091 0.9588247 0.8800732 1.2269119 0.6269315 1.3726910 1.0939826 1.2191971 0.8394579 1.3421835 0.9076531 1.0753200 0.9700971 0.9530792 0.9345454 1.1610779 1.1909442 0.9809487 1.2578548 0.9742638 1.0851426 0.8853579 0.9319169 0.9356140 1.2990958 2.6741245 1.3270554 0.9577661 1.1691490 0.3352639 2.1668973 2.4923662 1.4164500 0.7195503 1.1700552 0.9500519 1.2073066 0.9285689 1.0749936 0.8764973 1.0142714 1.0893024 1.2127243 1.3172325 0.8993917 1.1484048 1.2609409 1.6033990 0.8380413 1.4551646 1.5432580 1.2657718 1.0130308 1.5607510 0.9740952 1.3030783 2.8619512 1.7990593 0.8903068 1.1125382 1.1744863 
AT1G19320       0.9499878 0.0000000 0.8191483 0.9424372 0.4819259 0.6043170 0.5476950 0.8883667 0.9023578 0.9159264 0.8341478 1.3910599 1.2818084 1.6529952 0.8427884 0.6214903 0.8841655 0.8358927 1.0835611 1.3524453 0.8124528 1.4864724 0.7998752 0.8529840 1.3197678 1.2686254 1.3286295 0.7881998 0.9155361 1.3163667 0.8848134 0.5490990 1.4034581 1.0684591 1.0182349 1.2735766 1.2691397 1.0113412 0.8874721 0.8831283 1.5782726 1.2698961 0.9655765 1.0456208 1.1341699 0.6244029 0.8796856 0.8953596 0.8953596 0.8796856 0.9064223 1.9688669 1.2620625 0.8034018 0.8102463 1.0673324 0.5205771 1.4395393 1.3850797 1.0658814 0.8104488 1.4095770 0.8210084 0.9803139 0.6787315 0.6770484 0.6488740 1.0685077 0.9193266 0.8290599 1.0698799 0.7868864 0.9350260 0.5518431 0.8324300 0.7631810 1.4702866 2.0069996 1.2462211 0.7879851 1.0486639 0.9073872 1.8589329 1.6997269 1.5906978 1.0377329 1.0455884 0.7806056 0.8860652 0.8369239 1.0165251 0.5988145 0.7202537 1.0000602 1.0436171 1.4970863 0.7469993 0.9184462 1.2270064 1.2270307 0.8036106 1.3055590 1.2561137 1.3744377 0.8305217 1.2568361 0.9316826 0.9868544 2.5276120 1.7802362 0.9285924 1.3319683 1.2988102 
AT1G20030       0.9321537 0.8191483 0.0000000 0.9442240 0.9295893 0.9476470 0.9459520 0.3510299 1.5041818 0.6346964 1.4130175 1.2585881 1.5816999 1.1563605 0.9913991 0.7351564 0.6763128 0.9815391 0.8519588 1.5618152 1.4575986 1.5399505 0.8609943 0.6712503 1.0596436 1.3836205 1.5752422 0.9654129 1.4720264 1.4575197 0.5408171 0.6852383 1.4025735 1.4873825 1.5102520 1.3247580 1.3950397 1.0496355 0.5777638 1.1426763 1.5567803 1.3444647 1.0039137 1.5335124 1.1574236 0.8430710 0.8919576 0.8528990 0.8528990 0.8919576 0.8805885 2.1479323 1.3440736 0.6547937 0.8465541 0.7411025 1.4528853 1.5131945 1.3799067 0.8276240 0.8324697 1.4754811 1.0533761 1.4663916 0.9950802 0.9585822 1.0360736 1.5575715 1.3033144 0.4500703 0.8784862 0.9475606 0.7260483 0.9387085 0.4666731 0.9014904 1.4071875 2.2793444 1.2963950 0.9403194 1.5209478 0.9813678 1.1342028 1.6548247 1.5470434 1.2207076 1.4707522 0.8943241 1.4132748 0.4653754 1.4411947 0.9010763 1.0633214 0.9237883 0.8051329 1.5200359 0.8913005 0.8921768 1.4099625 1.1487925 0.8145579 1.0906324 1.1414518 1.6417162 0.6758671 1.0565231 0.5697159 1.3872236 2.3698576 2.1262595 0.9355422 1.3857019 1.3420373 
AT1G73620       0.1807311 0.9424372 0.9442240 0.0000000 0.9457654 0.9727375 0.9956656 1.0462883 1.0874405 1.0694738 1.6511797 1.3780913 1.2159683 1.5315032 1.0535727 0.7157270 0.9706027 1.0447952 1.2680317 1.1777597 1.0520445 1.4182024 0.9580540 1.0145974 1.5233849 1.3019186 1.3241251 1.0022690 1.1606653 1.0783487 0.9988791 0.6192332 1.5738170 1.2721578 1.2366920 1.2939631 1.2343974 0.3640696 0.9738407 1.1461092 1.5947016 1.1622511 0.3617098 1.2392529 1.2804489 0.6680400 1.1017196 1.0301815 1.0301815 1.1017196 1.0571565 2.3209367 1.3156378 1.0154648 0.9512570 1.3076869 0.6263148 1.4202285 1.1109296 1.2952763 0.8823543 1.3404668 0.9641617 1.1808097 0.8978608 0.8717731 0.8552138 1.2263728 1.1670493 0.9406719 1.2086148 1.0017875 1.1161396 0.8081033 0.9413071 0.9541899 1.2562108 2.4489003 1.2823211 0.9484290 1.2424909 0.3641930 2.4737160 2.1383024 1.5439841 0.7866808 1.2369201 0.9541983 1.1757691 0.9525459 1.1639871 0.7776081 0.9408455 1.0908268 1.2972920 1.3759012 0.9302142 1.0854517 1.2725386 1.4824602 0.8957479 1.3437413 1.4267122 1.1895697 1.0244694 1.4272509 0.9584265 1.2566117 2.8313169 1.6422722 0.8319159 1.1515822 1.2264004 
AT1G75030       0.9231463 0.4819259 0.9295893 0.9457654 0.0000000 0.3961745 0.2145719 0.8569896 0.9821337 0.9939203 1.3368095 1.4743913 1.2440736 1.6445458 0.8686521 0.6876189 0.9462888 0.7952063 1.1367645 1.2053776 1.0125720 1.4665816 0.8564837 0.9069446 1.3754422 1.1819312 1.2957919 0.9293397 1.0878012 1.2651255 0.9317715 0.4944252 1.5208564 1.1721101 1.1333224 1.1863240 1.1966510 1.0415194 0.9277381 0.9517930 1.4888407 1.1700272 0.9888422 1.1665693 1.1713509 0.7033132 1.0076279 0.9969163 0.9969163 1.0076279 1.0111072 1.9471194 1.1588251 0.8675316 0.8620000 1.1797786 0.4594832 1.5696928 1.3171218 1.1632584 0.8902267 1.5605581 0.8861012 1.0257694 0.5070673 0.5102473 0.4989703 1.1088284 1.1026422 0.8997809 1.1954796 0.8879351 0.9368697 0.4905768 0.8915850 0.8513271 1.4612868 2.0712664 1.1453430 0.8245459 1.1534523 0.9228819 2.1660394 1.7510313 1.5151075 1.0304866 1.1297184 0.8609885 1.0195390 0.8864222 1.0639447 0.4722047 0.4719675 1.0468113 1.1201746 1.6678252 0.8860478 0.9900581 1.2192616 1.3429675 0.9039630 1.3786094 1.3766261 1.2948775 0.9429148 1.3462272 0.9719014 1.1234191 2.3236005 1.7920137 0.9364893 1.2587873 1.2609185 
AT1G75040       0.9608443 0.6043170 0.9476470 0.9727375 0.3961745 0.0000000 0.3430295 0.9642676 1.0521676 1.0525826 1.5521720 1.4561504 1.2223675 1.7751348 0.9549691 0.7783126 0.9800803 0.9182985 1.1377346 1.4160742 0.8997243 1.4614506 0.9582583 0.9486756 1.3482506 1.2089948 1.2231384 0.9135664 1.0904275 1.3258233 0.9661373 0.6298179 1.5410524 1.0347747 1.0869939 1.1816278 1.1901380 0.9977736 0.9506683 0.9110738 1.5058131 1.3081932 0.9473860 1.1186690 1.2952456 0.7257688 0.9233781 0.9112729 0.9112729 0.9233781 0.9205364 1.9924770 1.2043065 0.8852111 0.9692793 1.2379723 0.4201855 1.6212074 1.3903903 1.2472575 0.8986705 1.5948447 0.8815684 1.0855685 0.5933939 0.5808449 0.6426095 1.1013432 1.1026432 0.8669570 1.2375208 0.8684253 1.0378494 0.5576376 0.8546838 0.8341022 1.3477674 2.6763412 1.1842646 0.8433568 1.1313679 0.8780317 2.3114330 1.9201173 1.4313795 1.1209243 1.0949032 0.8669103 1.0550608 0.8510919 1.0600768 0.5805459 0.6219950 0.9541285 1.1928676 1.6788621 0.8969801 0.9057103 1.2981774 1.4285074 0.9781539 1.3780399 1.3659964 1.2517834 0.9994086 1.3736414 0.9538234 1.0492776 2.5198501 1.8139540 0.9653483 1.3054240 1.3821427 
AT1G75050       0.9762634 0.5476950 0.9459520 0.9956656 0.2145719 0.3430295 0.0000000 0.9557978 1.0189718 1.0773869 1.3658606 1.5700505 1.2516987 1.6660770 0.8741887 0.7466505 0.9939153 0.7992325 1.1978242 1.2831235 0.9719018 1.4439576 0.9365102 0.9022912 1.3549852 1.2325874 1.2115377 0.9430897 1.1019507 1.2315743 0.9762533 0.5231503 1.6341408 1.1303612 1.1226904 1.1764531 1.2135833 1.0158758 0.9531402 0.9550299 1.6029585 1.2537836 0.9658804 1.1542230 1.2415836 0.7883393 1.0406943 1.0091672 1.0091672 1.0406943 1.0191008 2.0767445 1.2330219 0.8556775 0.9497506 1.2477933 0.4579733 1.5945777 1.3634010 1.2491383 0.9410588 1.5893905 0.9150504 1.0136759 0.5440500 0.5460249 0.5094821 1.0859866 1.1071359 0.9101079 1.2229263 0.8886217 0.9810821 0.4889679 0.9045483 0.8426028 1.4210866 2.3231895 1.1694260 0.8425095 1.1625914 0.8976702 2.2516122 2.0108118 1.4510016 1.0953514 1.0931617 0.8648425 1.0292156 0.9406995 1.0682234 0.4995938 0.5195712 1.0492066 1.1400210 1.6164508 0.9385529 0.9672444 1.2389015 1.3484670 0.9471291 1.3896052 1.3817670 1.2174372 0.9503602 1.4039215 1.0265523 1.1153622 2.5437608 1.7257015 0.9155676 1.2717671 1.3656516 
AT1G75800       1.0285853 0.8883667 0.3510299 1.0462883 0.8569896 0.9642676 0.9557978 0.0000000 1.5277771 0.6286966 1.6668109 1.2262237 1.4271824 1.2046248 1.1042723 0.8267233 0.6452870 1.0639118 0.8502619 1.5574163 1.6475031 1.4525590 1.0641732 0.7056324 1.1054244 1.1809803 1.5641365 1.1480594 1.3741036 1.3121540 0.5526302 0.6857200 1.3429095 1.4233876 1.5961578 1.2118278 1.2939738 1.0441855 0.5816285 1.0846413 1.4938817 1.2069186 0.9996347 1.6393514 1.1891306 0.8275279 1.0366046 1.0158152 1.0158152 1.0366046 1.0282443 2.0216545 1.1474510 0.6860818 1.0689139 0.7666008 1.6295802 1.5497397 1.2765847 0.8826476 0.9874393 1.5210651 1.0656820 1.4091964 1.0689540 1.0155571 1.0499455 1.5046238 1.2363311 0.4688234 0.9688635 1.1337857 0.7974474 0.9574343 0.4689693 1.0444461 1.4727114 2.2408051 1.2494302 1.1299797 1.5656395 0.9705811 1.2346908 1.6381028 1.6080372 1.2576380 1.5304599 1.0352271 1.3438044 0.5050997 1.4049844 0.9275054 1.0528376 1.1014065 0.8497563 1.6223684 0.9819634 1.0435406 1.2784046 1.2590638 0.9622775 1.1654404 1.1447746 1.5402621 0.7321114 1.1127675 0.5695259 1.3589726 2.3119927 1.9292815 1.0845045 1.2638690 1.2605464 
AT1G77700       1.0538009 0.9023578 1.5041818 1.0874405 0.9821337 1.0521676 1.0189718 1.5277771 0.0000000 1.0972643 1.6651822 1.5681699 1.3537237 1.7170158 1.3747120 1.0368977 1.2301952 1.3812991 1.5137275 1.4004895 1.3540123 1.4926774 1.2869574 1.2906649 1.6451140 1.2790749 1.4088387 1.2312214 1.4792624 1.2608592 1.4775649 0.7481843 1.7540981 1.6030799 0.9141290 1.2329561 1.2201366 1.1037421 1.4733201 1.2767500 1.8933372 1.3876815 1.0963501 0.9463295 1.3110720 0.8828256 1.3806409 1.5237965 1.4505205 1.3806409 1.4755116 2.4213297 1.2722987 1.2671431 1.2911080 1.5682496 1.7949446 1.5180899 1.2753301 1.6230743 1.3192605 1.5705683 1.1407917 0.6502454 1.1027428 1.1287581 1.1488804 0.6621561 1.3954011 1.5358490 1.5146419 1.1790375 1.3694940 1.0756236 1.4957920 1.1949044 1.5088886 2.5052105 1.2643426 1.1984032 0.9020891 1.0274440 1.9459941 2.0252452 1.5166168 1.2985066 0.8877039 1.1557688 1.4337343 1.4828557 0.6821593 1.0115318 1.0414987 1.5857294 1.6089119 1.7429914 1.2753832 1.3774203 1.2886832 1.6903438 1.2985168 1.7560932 1.6208035 1.3688690 1.3592727 1.5117647 1.4016621 1.3878801 2.7745036 1.8298419 1.4401673 1.2413997 1.3267677 
AT2G17860       1.1104650 0.9159264 0.6346964 1.0694738 0.9939203 1.0525826 1.0773869 0.6286966 1.0972643 0.0000000 1.5284558 1.2938780 1.2793802 1.3793364 0.8769726 0.5308381 0.2856220 0.8959655 0.7558566 1.4523224 0.7985659 1.5253208 0.8140461 0.5469115 0.8859568 1.2505710 1.4578681 0.8528167 1.0149322 1.4929378 0.6399820 0.7161865 1.0660249 1.1661956 1.2957285 1.2479390 1.2534093 1.2925684 0.6037789 0.9818317 1.1706904 1.5357992 1.2559695 1.3105679 1.1907919 0.8828206 1.0479498 1.0693212 1.0693212 1.0479498 1.0710707 2.0136145 1.2542006 0.5370597 0.8499795 0.7177960 0.4080394 1.4095800 1.4932592 0.7011504 0.7971105 1.3780786 1.1123382 1.0990301 1.0491125 1.0327055 0.9823365 1.1654993 1.0554633 0.5580133 1.0316770 0.8007146 0.6046413 0.9106274 0.5721420 0.8367111 1.5026850 1.8687335 1.2564141 0.8256781 1.2797501 1.2170823 1.4170261 1.3246433 1.7100908 1.2979677 1.1251864 0.7676790 1.0323297 0.5959429 1.1878522 0.9407581 0.9477764 1.0785806 0.7290874 1.4063363 0.7702960 1.0790995 1.2530325 0.9349521 0.7816451 0.9375994 0.9069474 1.4389971 0.5363140 1.0326960 0.6224412 1.0542030 2.3243579 2.0881326 0.7703925 1.4700355 1.5227577 
AT2G24810       1.6797878 0.8341478 1.4130175 1.6511797 1.3368095 1.5521720 1.3658606 1.6668109 1.6651822 1.5284558 0.0000000 2.1821572 2.1893801 2.3183800 1.7203144 1.3300955 1.6112943 1.6207386 1.9475507 2.2552625 1.2461370 2.3529223 1.4830290 1.5839963 2.3283689 2.0456166 2.2276997 1.4842004 1.8521811 2.2567879 1.5718201 1.2953309 2.1944241 1.9702825 1.8683511 2.1643145 2.0775478 1.8359607 1.6154982 1.7419082 2.2928457 1.9578062 1.7773982 1.9572169 1.4568113 1.2715578 1.6581080 1.6502814 1.6502814 1.6581080 1.6748815 3.3899148 2.0288772 1.4951803 1.5331733 1.8460878 0.6813884 2.5111559 2.1179748 1.7727633 1.5403384 2.3897310 1.5474351 1.7599111 1.3663838 1.4043784 1.3780605 1.8221429 1.8655879 1.4983822 1.7359623 1.4867764 1.7023197 1.3402110 1.5077456 1.4808870 2.1828497 3.3265679 2.2718899 1.5108111 1.9496838 1.7341118 5.3712517 3.7918971 2.4174957 1.7384648 2.0257657 1.5367046 1.8591676 1.5018786 1.7648818 1.2582755 1.5319000 1.6614973 1.7772535 2.3256117 1.4837704 1.6015355 2.0455018 2.2407171 1.4768514 2.4174090 2.2513937 2.1959445 1.5115793 2.0278721 1.7201637 1.9871169 4.5453101 2.4216848 2.5942475 2.1913401 2.0888562 
AT2G28790       1.3789917 1.3910599 1.2585881 1.3780913 1.4743913 1.4561504 1.5700505 1.2262237 1.5681699 1.2938780 2.1821572 0.0000000 1.9330315 2.0824251 1.3760483 1.1730605 1.2382578 1.3276846 1.5010343 1.7064779 1.4289760 1.3754349 1.4096116 1.2230917 1.4800181 1.7952894 1.8139543 1.5184143 1.5449109 1.8282397 1.2356041 1.2892134 1.6041350 1.5629707 1.5081113 1.8108191 1.8309611 1.4292094 1.2128155 1.6647398 1.7534244 1.8025540 1.4240901 1.4978074 2.1192729 1.1736267 1.6124874 1.5946578 1.5923537 1.6124874 1.6014649 2.1808502 1.7517439 1.1884735 1.4250370 1.3342545 1.5746481 0.4956251 1.7458701 1.2950590 1.3439123 0.5149310 1.4475306 1.4077957 1.4316158 1.3914430 1.4500053 1.4840416 1.5555716 1.2520791 1.6478186 1.5198431 1.2703156 1.3443976 1.1927558 1.3790350 1.3282773 2.2836011 1.7716926 1.4814197 1.5589044 1.3180372 1.9361704 2.3591667 1.3778978 1.4758124 1.3828028 1.4268230 1.5047113 1.2404236 1.4294679 1.4293215 1.4522511 1.7685356 1.3084373 0.5687859 1.2864461 1.6060912 1.8029448 1.5984359 1.4502867 1.6316147 1.4389903 1.8359809 1.2766638 1.4816810 1.2759104 1.5783046 2.8331004 1.5794294 1.6414368 1.7164342 1.7612593 
AT4G11650       1.2218549 1.2818084 1.5816999 1.2159683 1.2440736 1.2223675 1.2516987 1.4271824 1.3537237 1.2793802 2.1893801 1.9330315 0.0000000 2.0731295 1.6119359 1.2829359 1.3556616 1.5339831 1.6790974 1.8411577 1.7415983 1.6782208 1.4842868 1.5195066 1.8649401 0.5844410 0.4550918 1.5515924 1.4535785 1.7210085 1.4227900 1.1417231 1.6463455 1.6244449 1.4880159 0.4165755 0.3679980 1.4567652 1.4412966 1.2910257 1.6589716 1.6422966 1.3875038 1.5278649 1.8352102 1.1470513 1.5116245 1.5983103 1.5983103 1.5116245 1.5873448 2.4920619 0.5869077 1.4736389 1.5131859 1.5044718 1.2827416 1.7272081 1.6727601 1.4984845 1.4841866 1.7593841 1.5194728 1.3491201 1.2919282 1.2890275 1.1699247 1.4282982 1.4951737 1.4852051 1.6925283 1.4944095 1.5331603 1.2141829 1.4961379 1.5146420 1.7037216 3.0229616 0.4134339 1.5071609 1.4132866 1.2821005 2.3428285 2.6718278 1.7700946 1.3949414 1.5465619 1.5380826 1.4412910 1.4988892 1.4299028 1.1902771 1.2564955 1.5714190 1.5137601 1.8097466 1.4845312 1.5054214 0.6111032 1.8720298 1.4062675 1.7379527 1.7513345 0.4168830 1.5209330 1.8067445 1.4220616 1.4413701 2.7561456 2.2656805 1.3143212 1.6283137 1.6670927 
AT4G18253       1.5469920 1.6529952 1.1563605 1.5315032 1.6445458 1.7751348 1.6660770 1.2046248 1.7170158 1.3793364 2.3183800 2.0824251 2.0731295 0.0000000 1.4591422 1.3782384 1.2524230 1.5422487 1.4779383 2.1699803 1.5957937 1.9691090 1.4971289 1.3084802 1.4884353 1.8707205 2.3963562 1.4860300 1.7356913 2.2361183 1.1868114 1.3253133 1.7413041 1.9381567 1.9931590 2.0099936 2.0658333 1.7529810 1.2100763 1.6519526 1.7508457 2.1568961 1.7160820 1.9595084 2.0664997 1.4202046 1.6298829 1.7266389 1.7266389 1.6298829 1.7361942 2.2392465 1.9178820 1.3002158 1.4627209 1.4934064 0.9000447 2.1239773 2.0718885 1.4825542 1.5608202 2.0809647 1.7459937 1.6409969 1.6277941 1.5625990 1.5494661 1.7586789 1.7790492 1.2116471 1.6053366 1.4380453 1.4105472 1.5807770 1.2200568 1.3476832 2.1241220 4.1685431 2.1571602 1.4069209 1.9495338 1.6766564 2.2046221 2.1164160 2.1841541 1.7413351 1.8716636 1.3119901 1.7828778 1.2027186 1.7644490 1.4558246 1.7351409 1.8001566 1.4563088 2.0858725 1.5444369 1.6337103 1.9093786 1.4698253 1.4495624 1.3870399 1.4430727 2.3357431 1.3146326 1.3923018 1.1434960 1.8677829 2.6410357 2.3383099 1.4441963 2.0812103 2.1523222 
AT4G24180       0.9889926 0.8427884 0.9913991 1.0535727 0.8686521 0.9549691 0.8741887 1.1042723 1.3747120 0.8769726 1.7203144 1.3760483 1.6119359 1.4591422 0.0000000 0.6535519 0.9933413 0.7792621 1.0736764 1.5218199 1.2700043 1.3788377 0.7314267 0.8772366 1.3159111 1.4865382 1.6313713 0.7816448 1.2948048 1.5328973 0.9586645 0.5848425 1.2907808 1.3513492 1.5063203 1.5063365 1.5350373 0.9936551 0.9627017 1.1042830 1.4510285 1.4544151 0.9468270 1.5263876 1.0943682 0.7635308 0.9895566 1.0016207 1.0016207 0.9895566 1.0060315 2.1084237 1.4755019 0.8336776 0.7154556 1.1474292 1.1321525 1.6138473 1.4049094 1.2471560 0.7018999 1.5992461 1.0365935 1.4007949 0.9390837 0.9961066 0.9462427 1.5238181 1.2302871 0.9854553 1.1186109 0.7686457 0.8597938 0.8804824 0.9616463 0.6232352 1.3569408 2.4261779 1.4983993 0.7519153 1.4920451 0.9230341 1.5283742 1.9033299 1.5429800 1.0862590 1.4682811 0.6030384 1.2879984 0.9317765 1.4504361 0.8661780 1.0884208 1.0901237 1.2247490 1.7011976 0.7161327 1.0442645 1.4763992 1.4068858 0.7443774 1.3541896 1.4030844 1.6690767 0.9391739 1.2513608 1.0218687 1.3046070 2.3163375 1.9065878 0.8514109 1.4430302 1.3943014 
AT4G36000       0.6218136 0.6214903 0.7351564 0.7157270 0.6876189 0.7783126 0.7466505 0.8267233 1.0368977 0.5308381 1.3300955 1.1730605 1.2829359 1.3782384 0.6535519 0.0000000 0.7007208 0.7527885 0.9534367 1.2999426 1.4621107 1.1773095 0.5638066 0.6976883 1.1909125 1.2058556 1.3075278 0.5655386 1.2909335 1.1431097 0.8482873 0.5789615 1.2290913 1.2025154 1.2741243 1.0821454 1.1265743 0.6750296 0.8455237 1.0439378 1.4112162 1.0237106 0.6632335 1.2652737 0.8553950 0.7672483 0.8628833 0.7896270 0.7896270 0.8628833 0.7896270 1.7416804 1.1878881 0.6434980 0.5498223 0.9337347 0.9135118 1.3799382 1.1039555 1.0170876 0.5207749 1.4076682 0.7829497 1.1117427 0.7400563 0.7602615 0.7540363 1.1493330 1.1048934 0.7826882 0.9291002 0.5643142 0.7666390 0.7024614 0.7422925 0.6326042 1.1835090 1.5375020 1.0798690 0.5367871 1.2258606 0.6617874 0.9938224 3.4430218 1.2378186 0.8208752 1.1241843 0.6296599 1.1931190 0.7362478 1.1090643 0.6720567 0.7716076 0.8719872 1.0225411 1.4722801 0.5467133 0.8336306 1.1137861 1.4185811 0.5544082 1.3357632 1.4153070 1.4002505 0.6571138 1.1678747 0.8498157 1.2465192 2.3422959 1.7882462 0.5748602 1.0330296 1.0493724 
AT4G36010       1.0110055 0.8841655 0.6763128 0.9706027 0.9462888 0.9800803 0.9939153 0.6452870 1.2301952 0.2856220 1.6112943 1.2382578 1.3556616 1.2524230 0.9933413 0.7007208 0.0000000 0.9799627 0.7355784 1.4884489 1.3677079 1.5759596 0.9091147 0.4946626 0.9917069 1.1722501 1.4056961 0.9759552 1.1362937 1.3333189 0.6171045 0.7035202 1.2201341 1.3530433 1.4437897 1.1591635 1.2124382 1.1563953 0.6018312 1.0272945 1.3692875 1.3179144 1.1062247 1.4612068 1.2228259 0.8383270 1.0362220 1.0371653 1.0371653 1.0362220 1.0542598 1.9855373 1.1639420 0.5195631 0.9243272 0.7547962 1.3685403 1.4068804 1.3198385 0.7922990 0.9435796 1.3887468 1.0360950 1.2214620 0.9763204 0.9348256 0.9906585 1.3062362 1.1006726 0.5839264 0.9989280 0.9557945 0.6055450 0.8711458 0.6022664 1.0014902 1.4482973 1.8992206 1.1734269 0.9165473 1.4414458 1.0434603 1.3077241 1.3854976 1.6405856 1.2249880 1.3337801 0.9449583 1.1730646 0.6143548 1.2620270 0.9144902 1.0228551 1.0936642 0.8081645 1.4803499 0.9536258 1.0705364 1.1765203 1.0412821 0.8840301 1.0007499 1.0123142 1.3397260 0.5251501 1.0023160 0.6334367 1.2122874 2.0402278 1.9211329 0.9449365 1.3142799 1.3897532 
AT4G38660       0.9460822 0.8358927 0.9815391 1.0447952 0.7952063 0.9182985 0.7992325 1.0639118 1.3812991 0.8959655 1.6207386 1.3276846 1.5339831 1.5422487 0.7792621 0.7527885 0.9799627 0.0000000 1.2388426 1.5304564 1.6199176 1.3151475 0.7978326 0.8821612 1.3238948 1.4771239 1.4694541 0.8085278 1.2884982 1.2947237 1.0688655 0.6760113 1.4167898 1.4588862 1.4680107 1.2760700 1.2594990 0.9749189 1.0386796 1.0343984 1.6076300 1.3729937 0.9549266 1.4735578 1.2638705 0.7771075 1.0828847 1.0963200 1.1065747 1.0828847 1.0963656 1.8795330 1.4628058 0.8467958 0.7981244 1.1783016 0.6998678 1.5920112 1.3333135 1.2305120 0.5327170 1.6135037 0.9881929 1.3961035 0.8725678 0.8500703 0.8190757 1.5013171 1.2234015 1.0093798 1.1116790 0.7952252 0.9312295 0.7699919 0.9544625 0.7635799 1.4502369 2.8674283 1.2046529 0.7697064 1.4999955 0.9347125 1.6009773 1.7168207 1.5781570 1.1267744 1.4272655 0.7729412 1.2433246 0.9957777 1.5114942 0.8045212 0.9644093 1.0410648 1.2277616 1.6594231 0.5000983 1.0538678 1.4697658 1.3639635 0.7197705 1.3964581 1.3764807 1.5066463 0.8571833 1.1773945 1.1189496 1.2200693 2.5438030 1.9636010 0.9206108 1.2957437 1.4571925 
AT4G38670       1.2339626 1.0835611 0.8519588 1.2680317 1.1367645 1.1377346 1.1978242 0.8502619 1.5137275 0.7558566 1.9475507 1.5010343 1.6790974 1.4779383 1.0736764 0.9534367 0.7355784 1.2388426 0.0000000 1.5245459 1.3260416 1.5721953 1.2023051 0.7253224 1.0676759 1.5450699 1.6537754 1.2356511 1.2873707 1.5896425 0.8265830 0.9965196 1.2446528 1.2695365 1.6668827 1.4944089 1.4704707 1.2982024 0.8447594 1.1385669 1.4073958 1.4975238 1.2572022 1.6795580 1.3557341 1.0409582 1.0865180 1.1114361 1.1114361 1.0865180 1.1149029 2.1628877 1.5131374 0.7289477 1.1706503 0.4215913 1.7673006 1.6553836 1.5692279 0.3997109 1.1732339 1.6013543 1.2724126 1.5527949 1.3772784 1.3193218 1.4089483 1.6439635 1.2885958 0.7537524 1.2259188 1.1950125 0.7366406 1.3143301 0.7431054 1.1440835 1.5761182 2.3515196 1.4973109 1.2219415 1.6484996 1.2386961 1.0962902 1.7799157 1.6408190 1.4049786 1.5481525 1.1802186 1.2898837 0.7401954 1.5831869 1.3127171 1.3082567 1.1034255 0.4238561 1.7341166 1.0939713 1.1332016 1.6292553 1.1750991 1.2016182 1.2100698 1.1780929 1.6400052 0.6786010 1.2983509 0.8443902 1.2710717 2.4419292 2.1046323 1.3069896 1.5182143 1.4957064 
AT5G02140       1.1479632 1.3524453 1.5618152 1.1777597 1.2053776 1.4160742 1.2831235 1.5574163 1.4004895 1.4523224 2.2552625 1.7064779 1.8411577 2.1699803 1.5218199 1.2999426 1.4884489 1.5304564 1.5245459 0.0000000 1.4846810 1.6452216 1.3908788 1.4116491 1.5982096 1.5480067 1.6274160 1.4925395 1.3900172 0.4560367 1.6390500 0.9289230 1.7927540 1.6919016 1.4739064 1.6194737 1.5663763 1.1845037 1.6057646 1.3240607 1.8720244 0.3088533 1.1875535 1.5061451 1.4650108 0.9886730 1.3902095 1.3539095 1.3539095 1.3902095 1.3955392 2.2987939 1.5377657 1.3790406 1.4048218 1.5705710 1.7932956 1.8226571 0.4503016 1.7361878 1.5743126 1.7651990 1.1758950 1.4507320 1.1825726 1.1340048 1.3603615 1.4774365 1.3396871 1.6419403 1.5450199 1.5803161 1.3836502 1.2645278 1.5770292 1.4521473 1.5986753 2.9122404 1.5589526 1.4670275 1.4711314 1.1080811 2.1521821 2.4131148 1.5834327 1.3509616 1.4289878 1.4300978 1.4014092 1.6310296 1.4331438 1.2169053 1.2862759 1.2683074 1.6553023 1.9533984 1.6102667 1.2728736 1.5393417 1.7323335 1.4625520 1.7577997 1.7377493 1.5562336 1.4719030 1.6602955 1.6314756 1.4524166 2.8512691 2.0356983 1.3820485 0.4818604 0.3065694 
AT5G24620       1.0734185 0.8124528 1.4575986 1.0520445 1.0125720 0.8997243 0.9719018 1.6475031 1.3540123 0.7985659 1.2461370 1.4289760 1.7415983 1.5957937 1.2700043 1.4621107 1.3677079 1.6199176 1.3260416 1.4846810 0.0000000 1.3500080 1.4314460 1.1627361 1.4567661 1.2740829 1.7289161 1.3632470 0.9269290 1.1323712 1.3441192 0.7812074 1.5329227 1.0155920 1.6234277 1.1405277 1.1746226 1.0571877 1.3839800 0.7486394 1.9571939 1.1488747 1.0365947 1.5785021 1.1007310 0.9943015 1.0409621 1.0623773 1.0623773 1.0409621 1.0623773 2.0941148 1.3392291 1.1556878 1.4345784 1.4079538 2.4136583 1.4662076 1.2188214 1.6326570 1.7588363 1.4401167 0.9583649 1.5361396 0.9973577 0.9532886 0.9895513 1.6415315 0.7191665 1.3369353 1.2450238 1.3850678 1.3655943 1.0021935 1.3698012 1.2931761 1.4325380 3.0997709 1.3527074 1.3284272 1.5852402 1.0320014 2.2486872 4.1492705 1.4991380 1.1183211 1.6084781 1.3025985 0.9167643 1.3708201 1.5447860 0.9421342 0.9717645 1.1238749 1.6139641 1.6314100 1.8173223 1.1367978 1.3159369 1.6272388 1.4085377 1.5933280 1.5968543 1.6757162 1.1093411 1.3169021 1.5466141 0.8279398 3.1447655 1.8929358 1.4690622 1.1006652 1.1117571 
AT5G40020       1.3523120 1.4864724 1.5399505 1.4182024 1.4665816 1.4614506 1.4439576 1.4525590 1.4926774 1.5253208 2.3529223 1.3754349 1.6782208 1.9691090 1.3788377 1.1773095 1.5759596 1.3151475 1.5721953 1.6452216 1.3500080 0.0000000 1.5029565 1.4062387 1.6744289 1.7764485 1.8471667 1.4177410 1.5362224 1.5750958 1.5097839 1.1581254 1.7920362 1.4655874 1.5664738 1.6895707 1.5826900 1.3636959 1.4752939 1.3815785 1.9848125 1.7023080 1.3364857 1.5104655 1.9477599 1.2896579 1.4777520 1.4876186 1.4876186 1.4777520 1.4457390 2.3993303 1.7092881 1.3861194 1.5145879 1.5700601 0.9617887 1.4955242 1.5408244 1.5590189 1.4322793 1.4792458 1.5382478 1.4968054 1.4258767 1.3580344 1.4798953 1.5559275 1.5687365 1.4368633 1.6297164 1.3031125 1.4687258 1.5067589 1.4147629 1.3767056 0.5734712 3.0844792 1.6910851 1.3910668 1.5593956 1.2738458 2.3254125 2.3484802 0.6837333 1.3235363 1.4640471 1.4253251 1.4264487 1.4061215 1.5544672 1.4044597 1.4866653 1.5413193 1.5249510 1.5645773 1.3672309 1.4695050 1.6147057 1.7531683 1.3665390 1.7065528 1.5842075 1.9213365 1.4879406 1.7060076 1.4428863 1.5489981 3.4594244 0.8571833 1.4461921 1.4091956 1.6853736 
Glyma.01G165400 0.8940787 0.7998752 0.8609943 0.9580540 0.8564837 0.9582583 0.9365102 1.0641732 1.2869574 0.8140461 1.4830290 1.4096116 1.4842868 1.4971289 0.7314267 0.5638066 0.9091147 0.7978326 1.2023051 1.3908788 1.4314460 1.5029565 0.0000000 0.8578102 1.3094069 1.4338641 1.3831151 0.4604294 1.2552089 1.3140526 1.0079120 0.6520383 1.3833429 1.3553850 1.4009570 1.3187104 1.3681306 0.9579145 0.9880270 1.1200842 1.6316607 1.2372474 0.9346958 1.4344751 1.1220253 0.7362578 0.9264037 0.9006633 0.9006633 0.9264037 0.9390183 2.0540421 1.4212483 0.8312806 0.0603446 1.0431830 0.8201446 1.4783803 1.2951671 1.1638530 0.6016824 1.5472740 0.8849802 1.2869768 0.8834218 0.8597863 0.8667534 1.3147728 1.1827589 0.9774309 1.0213091 0.4548078 0.9103102 0.8467713 0.9722656 0.7275866 1.5651383 2.4296752 1.3179901 0.4404387 1.3765034 0.9377761 1.5807345 2.0600795 1.8083085 1.1874712 1.2872596 0.6896660 1.2141195 0.9495485 1.3490163 0.8462521 1.0021832 0.9218589 1.1557166 1.6835163 0.6731191 0.9126484 1.3579147 1.4500208 0.1171019 1.3742623 1.3915285 1.4833389 0.8674426 1.2656836 1.0296684 1.2607797 2.7759306 2.2167513 0.4500361 1.2851420 1.2618560 
Glyma.01G165600 1.0010989 0.8529840 0.6712503 1.0145974 0.9069446 0.9486756 0.9022912 0.7056324 1.2906649 0.5469115 1.5839963 1.2230917 1.5195066 1.3084802 0.8772366 0.6976883 0.4946626 0.8821612 0.7253224 1.4116491 1.1627361 1.4062387 0.8578102 0.0000000 0.7471516 1.3796372 1.6148370 1.0178418 1.2192618 1.3746280 0.6479005 0.7142011 0.8804668 1.3710496 1.3959138 1.3497136 1.3919440 1.0386515 0.6544577 1.0480363 1.2549413 1.2870461 1.0241569 1.4489926 1.2075634 0.9251589 0.9572132 0.9234368 0.9234368 0.9572132 0.8981707 2.0120508 1.3324830 0.0616837 0.8541865 0.7253361 1.3295205 1.4866635 1.2884408 0.7889116 0.8612458 1.4772572 1.0965999 1.3180519 0.9667638 0.9244146 1.0067357 1.3608220 1.0501731 0.5373108 0.9666147 0.9924469 0.3788412 0.8729206 0.5319311 0.8963435 1.4246614 1.9697364 1.4165456 0.9599682 1.4151420 0.9439465 1.2218248 1.3264116 1.5260455 1.2583694 1.3479762 0.8704845 1.2028497 0.5440646 1.4044267 0.8814885 1.0312411 0.9791746 0.7639789 1.5607632 0.8957161 0.9348799 1.4376350 0.8956827 0.8479617 0.8863137 0.9009410 1.6664825 0.1709460 0.7908780 0.6786989 1.1667752 1.9069536 1.7190409 0.9396446 1.3029428 1.2492841 
Glyma.01G165800 1.4967988 1.3197678 1.0596436 1.5233849 1.3754422 1.3482506 1.3549852 1.1054244 1.6451140 0.8859568 2.3283689 1.4800181 1.8649401 1.4884353 1.3159111 1.1909125 0.9917069 1.3238948 1.0676759 1.5982096 1.4567661 1.6744289 1.3094069 0.7471516 0.0000000 1.5815715 1.9094697 1.4999623 1.5504557 1.4610440 1.0598016 1.0214361 0.9045507 1.6381057 1.9063053 1.6155995 1.6860376 1.4996408 1.0545777 1.4684483 1.1654022 1.4715594 1.4458989 1.9124660 1.6929820 1.2786858 1.2572779 1.2125224 1.1792129 1.2572779 1.2072714 2.1255309 1.5423932 0.7228856 1.2837453 1.0313269 1.9901995 1.6483433 1.3483294 1.2060272 1.4419704 1.6708422 1.5090914 1.6666695 1.2456378 1.1776876 1.3501877 1.7018338 1.4990432 1.0946290 1.3078676 1.4872584 0.9016997 1.2315790 1.0064836 1.1611531 1.7278318 2.8499473 1.6750706 1.4402544 1.9127244 1.3328920 1.7494715 1.1790923 1.8111057 1.5930049 1.6414030 1.2359994 1.4796672 1.0145494 1.6574617 1.2094658 1.3916638 1.4318889 1.1990188 1.8413248 1.4044913 1.1866560 1.6310402 0.8275171 1.3201610 0.7697242 0.7736843 1.8444252 0.6959214 0.7973148 1.1211600 1.4011350 1.9868683 2.0490670 1.2135282 1.3359981 1.4176094 
Glyma.01G217600 1.3426745 1.2686254 1.3836205 1.3019186 1.1819312 1.2089948 1.2325874 1.1809803 1.2790749 1.2505710 2.0456166 1.7952894 0.5844410 1.8707205 1.4865382 1.2058556 1.1722501 1.4771239 1.5450699 1.5480067 1.2740829 1.7764485 1.4338641 1.3796372 1.5815715 0.0000000 0.6747639 1.3867763 1.2286607 1.7358488 1.3373384 1.1313807 1.5173545 1.4239126 1.5145517 0.5695647 0.5427414 1.5275059 1.3873006 1.1662266 1.5411995 1.5245356 1.4636927 1.5520304 1.6807722 1.0813680 1.3822850 1.4782071 1.4782071 1.3822850 1.5232363 2.2490196 0.0607877 1.3156064 1.4945901 1.4668046 0.7191663 1.8371755 1.5982018 1.4232655 1.4101865 1.8929899 1.3200711 1.3330369 1.2906625 1.2815282 1.2225109 1.3947098 1.2396317 1.3788545 1.5762050 1.3305803 1.3768980 1.2180433 1.3911549 1.3871164 1.5185496 2.8832374 0.6044285 1.3523770 1.4705329 1.3946288 2.2380836 1.9601883 1.6268456 1.4252417 1.5145059 1.4774493 1.2757122 1.4634191 1.3656973 1.1774688 1.3739520 1.5501349 1.4515904 1.9170363 1.3571959 1.4566034 0.1946327 1.5056251 1.4068218 1.5754530 1.4210454 0.6553447 1.3770770 1.4902330 1.3537541 1.2878047 3.0267103 1.9826048 1.2425275 1.5250619 1.6720109 
Glyma.01G217700 1.3820880 1.3286295 1.5752422 1.3241251 1.2957919 1.2231384 1.2115377 1.5641365 1.4088387 1.4578681 2.2276997 1.8139543 0.4550918 2.3963562 1.6313713 1.3075278 1.4056961 1.4694541 1.6537754 1.6274160 1.7289161 1.8471667 1.3831151 1.6148370 1.9094697 0.6747639 0.0000000 1.4403757 1.4571251 1.6388805 1.7240483 1.1113945 1.6972575 1.5478503 1.5935466 0.5398143 0.4851577 1.4262404 1.7258495 1.2664702 1.7862716 1.5576200 1.3996315 1.6212551 1.5911903 1.0602202 1.5063873 1.5735503 1.5735503 1.5063873 1.6152421 2.7128799 0.6818341 1.6158921 1.4245386 1.5334588 1.4730307 1.9088314 1.6284545 1.4919998 1.4758061 1.8723633 1.4900143 1.4087358 1.2220539 1.2199500 1.1531343 1.4539692 1.4335319 1.6821105 1.6750518 1.4060518 1.5823972 1.1746082 1.7181700 1.5705280 1.5931061 3.4829874 0.4842003 1.4001564 1.5658989 1.2422065 2.3304348 2.7067751 1.7070142 1.3655962 1.5880390 1.5636727 1.3964433 1.6902951 1.4291641 1.1623118 1.2604127 1.5185696 1.5010784 1.8777679 1.4500576 1.5004007 0.7275798 1.8919897 1.3696798 1.6992433 1.8394614 0.1420953 1.6017948 1.8058391 1.6859381 1.3801690 3.1201869 2.3607679 1.2780549 1.6364147 1.5731736 
Glyma.02G047400 0.9535908 0.7881998 0.9654129 1.0022690 0.9293397 0.9135664 0.9430897 1.1480594 1.2312214 0.8528167 1.4842004 1.5184143 1.5515924 1.4860300 0.7816448 0.5655386 0.9759552 0.8085278 1.2356511 1.4925395 1.3632470 1.4177410 0.4604294 1.0178418 1.4999623 1.3867763 1.4403757 0.0000000 1.2386458 1.4090583 0.9903597 0.7187968 1.4247971 1.2749699 1.3487722 1.3574264 1.3799716 0.9967660 0.9704460 1.0664884 1.6007114 1.3798706 0.9881443 1.3610003 1.1950636 0.7530335 1.0234978 0.9570968 0.9570968 1.0234978 0.9654998 2.1660657 1.3740936 0.9734287 0.4543850 1.0783202 0.8622276 1.6588647 1.4024168 1.1451239 0.6590746 1.6713301 1.0199072 1.3193042 0.9947058 0.9897322 0.9533750 1.3906348 1.1630850 1.0556671 1.0881824 0.0691833 1.0120306 0.9479482 1.0411106 0.7379328 1.4734611 2.7008897 1.3304347 0.1426352 1.3804339 0.9648716 1.8786985 2.0425404 1.6690964 1.1424187 1.2898859 0.7119260 1.2318324 1.0480366 1.4234125 0.8144308 1.0419367 1.0239058 1.2333663 1.6475432 0.6535153 1.0171316 1.2898982 1.4279066 0.4644514 1.4597337 1.3810027 1.4955399 0.9676040 1.3877772 1.0449090 1.2031948 2.7559743 2.2411276 0.2768904 1.3401141 1.4348702 
Glyma.02G220900 1.1806621 0.9155361 1.4720264 1.1606653 1.0878012 1.0904275 1.1019507 1.3741036 1.4792624 1.0149322 1.8521811 1.5449109 1.4535785 1.7356913 1.2948048 1.2909335 1.1362937 1.2884982 1.2873707 1.3900172 0.9269290 1.5362224 1.2552089 1.2192618 1.5504557 1.2286607 1.4571251 1.2386458 0.0000000 1.3082742 1.3475328 0.8620921 1.5932252 0.5016017 1.5884946 1.3334821 1.2932508 1.2755804 1.3905356 0.3247090 1.9729112 1.4995311 1.2850269 1.6002129 1.3576844 0.9403628 1.1326948 1.2581804 1.2581804 1.1326948 1.2725924 2.3633269 1.2001998 1.1850086 1.2531043 1.3405673 2.3553861 1.6618447 1.4545461 1.4294228 1.2811412 1.6299973 1.1765216 1.4321698 1.0669800 1.0550153 1.0348610 1.4552638 0.0423033 1.3290795 1.2465756 1.2545646 1.2823832 0.9586089 1.3248861 1.2314175 1.4995608 2.1018193 1.4227193 1.2075282 1.5292648 1.2227155 1.8262416 2.2611692 1.6381347 1.3889086 1.5500415 1.2100698 0.1345896 1.3829181 1.5005174 0.9984823 1.1682645 1.2302389 1.4782396 1.6041604 1.2535658 1.2702091 1.3483134 1.5836007 1.2261690 1.4941382 1.5389447 1.4995940 1.2606304 1.4505188 1.3952740 0.3743787 2.5996224 1.9325643 1.1874233 1.3738862 1.4859674 
Glyma.02G249500 1.1103711 1.3163667 1.4575197 1.0783487 1.2651255 1.3258233 1.2315743 1.3121540 1.2608592 1.4929378 2.2567879 1.8282397 1.7210085 2.2361183 1.5328973 1.1431097 1.3333189 1.2947237 1.5896425 0.4560367 1.1323712 1.5750958 1.3140526 1.3746280 1.4610440 1.7358488 1.6388805 1.4090583 1.3082742 0.0000000 1.4855334 0.9923670 1.7525548 1.4980273 1.4707816 1.6582183 1.5005364 1.1516460 1.4803021 1.2746553 2.0458732 0.4729775 1.1319312 1.4751855 1.6145309 0.9303374 1.4420881 1.5616366 1.5616366 1.4420881 1.5406571 2.2693820 1.7233109 1.3668021 1.3095355 1.6682366 1.1395435 1.7876050 0.2981743 1.6726286 1.4332462 1.7300319 1.1517973 1.3867102 1.2785397 1.2536798 1.3986147 1.4722382 1.3123449 1.3775254 1.6607369 1.4125303 1.3378709 1.2892854 1.3985786 1.3162693 1.5843372 2.2855187 1.5699820 1.4167155 1.4455904 1.1248084 2.4968462 2.0385067 1.5944558 1.3475244 1.3811685 1.3483670 1.3144868 1.4133048 1.4037361 1.3313565 1.2774767 1.4079752 1.5420870 1.7718782 1.4609104 1.4230515 1.6813865 1.5962176 1.3085534 1.6440210 1.5112363 1.5336201 1.3876979 1.6058159 1.5065629 1.3171017 2.8835081 2.1257868 1.3620184 0.3345742 0.4973860 
Glyma.04G023700 1.0082642 0.8848134 0.5408171 0.9988791 0.9317715 0.9661373 0.9762533 0.5526302 1.4775649 0.6399820 1.5718201 1.2356041 1.4227900 1.1868114 0.9586645 0.8482873 0.6171045 1.0688655 0.8265830 1.6390500 1.3441192 1.5097839 1.0079120 0.6479005 1.0598016 1.3373384 1.7240483 0.9903597 1.3475328 1.4855334 0.0000000 0.6825971 1.3790234 1.4075256 1.5060968 1.3334673 1.3557359 1.0957477 0.0705471 1.1714840 1.5405869 1.4040153 1.0301446 1.5682472 1.1987724 0.8744416 0.9616916 0.9827756 0.9827756 0.9616916 0.9870542 2.1124748 1.3270929 0.6548701 0.9949052 0.7547190 1.4332391 1.5140943 1.4580640 0.7970505 0.8640803 1.5169786 1.0870633 1.3254847 0.9886055 0.9115938 0.9925149 1.3783123 1.2154151 0.3062676 1.0180400 0.9864146 0.7040829 0.9427503 0.3105521 1.0293836 1.3280045 1.9829224 1.3832953 0.9787525 1.4815573 0.9993286 1.2579277 1.7825980 1.4525784 1.2003413 1.5068197 0.9793408 1.3699351 0.3400778 1.3671394 0.8776828 1.0427337 1.0672362 0.7592684 1.5488997 0.8808797 1.0711830 1.4255518 1.1683648 0.9381416 1.1914674 1.1522782 1.7403110 0.6588542 1.0935922 0.2172096 1.4570810 2.1541688 1.8083123 0.9929227 1.4343439 1.4558922 
Glyma.04G034300 0.6409321 0.5490990 0.6852383 0.6192332 0.4944252 0.6298179 0.5231503 0.6857200 0.7481843 0.7161865 1.2953309 1.2892134 1.1417231 1.3253133 0.5848425 0.5789615 0.7035202 0.6760113 0.9965196 0.9289230 0.7812074 1.1581254 0.6520383 0.7142011 1.0214361 1.1313807 1.1113945 0.7187968 0.8620921 0.9923670 0.6825971 0.0000000 1.2244663 0.9696748 0.9904763 1.1661907 1.2010511 0.6661861 0.6463289 0.9439978 1.1264928 0.9772341 0.6648580 0.9644115 1.0766281 0.8007676 0.8775385 0.8294980 0.8294980 0.8775385 0.8294980 1.8065886 1.1555974 0.7054352 0.6722174 0.8820475 0.3684770 1.3908854 1.0340220 0.8838355 0.6295630 1.3928444 0.7968348 0.7846142 0.3173332 0.3462945 0.2964403 0.8577498 0.8740698 0.6630420 1.0947889 0.7038068 0.6967372 0.3676183 0.6575896 0.6657311 1.1304500 1.6990764 1.1582430 0.6981779 0.9988466 0.6564543 1.6103930 2.3270157 1.2166705 0.8142073 0.9174693 0.6386275 0.8266920 0.6795083 0.7667961 0.2855379 0.3462004 0.9492714 0.8464098 1.3832822 0.6485145 0.8595302 1.1370442 1.2394548 0.6315655 1.1271464 1.2311062 1.1076782 0.6953224 1.1141995 0.6585682 0.9254764 2.5033432 1.5041737 0.7275811 0.9491193 0.9916131 
Glyma.04G176200 1.5881325 1.4034581 1.4025735 1.5738170 1.5208564 1.5410524 1.6341408 1.3429095 1.7540981 1.0660249 2.1944241 1.6041350 1.6463455 1.7413041 1.2907808 1.2290913 1.2201341 1.4167898 1.2446528 1.7927540 1.5329227 1.7920362 1.3833429 0.8804668 0.9045507 1.5173545 1.6972575 1.4247971 1.5932252 1.7525548 1.3790234 1.2244663 0.0000000 1.8098109 1.8998260 1.5355640 1.6095846 1.5837774 1.3303986 1.5505409 0.8685470 1.7790885 1.5161706 1.8337133 1.8493974 1.3050507 1.2390164 1.2651258 1.2651258 1.2390164 1.2583268 2.3936418 1.4930072 0.8560492 1.3823791 1.2904680 1.9619768 1.8073622 1.6410711 1.3193870 1.3966298 1.7968729 1.5813589 1.7582914 1.5323078 1.4759998 1.6482749 1.7080642 1.5232923 1.2908028 1.4857340 1.3926868 0.9802372 1.5100501 1.2573400 1.3183977 1.9107322 2.7833883 1.5747251 1.4517376 1.8250219 1.4248864 1.7990633 1.4271540 1.8299493 1.5477117 1.6908643 1.3621306 1.5290759 1.2511131 1.8469468 1.5325089 1.5174802 1.3000228 1.3723520 2.0745386 1.3757153 1.2997599 1.5993023 1.0954317 1.3889842 1.0559063 1.0151253 1.6997903 0.9177776 1.0457498 1.3576785 1.5839674 1.9999930 2.0050168 1.3578545 1.5748806 1.6732769 
Glyma.04G225800 1.2487760 1.0684591 1.4873825 1.2721578 1.1721101 1.0347747 1.1303612 1.4233876 1.6030799 1.1661956 1.9702825 1.5629707 1.6244449 1.9381567 1.3513492 1.2025154 1.3530433 1.4588862 1.2695365 1.6919016 1.0155920 1.4655874 1.3553850 1.3710496 1.6381057 1.4239126 1.5478503 1.2749699 0.5016017 1.4980273 1.4075256 0.9696748 1.8098109 0.0000000 1.8744892 1.3060041 1.4391120 1.2584464 1.4246198 0.1726931 1.9620203 1.5071899 1.2690356 1.8378440 1.2237391 1.0233796 1.1341981 1.1001951 1.1001951 1.1341981 1.1001951 2.4309189 1.4144653 1.3345514 1.3599468 1.3963521 1.8489668 1.6779315 1.5766404 1.4859232 1.4177768 1.6224305 1.1484336 1.5517050 1.2254410 1.2399865 1.2117892 1.6253495 0.4868080 1.4066606 1.3448269 1.3098351 1.3937804 1.1320766 1.4159812 1.2549105 1.4249559 1.8813060 1.4993050 1.2749236 1.7423950 1.2693589 1.9097874 4.1525137 1.4470020 1.4677655 1.7357687 1.2391037 0.4748693 1.4454571 1.6305455 1.1928960 1.2623605 1.1918146 1.5929225 1.6976858 1.3949875 1.2946149 1.4691467 2.0975549 1.2775588 2.0683749 1.9864073 1.5825842 1.3124459 1.8826546 1.4004793 0.2158197 2.9977074 2.0869105 1.3274206 1.4566656 1.5017286 
