56
Glyma.01G165400 0.0000000 0.9642571 1.3156833 1.5404190 1.6491783 0.4295796 1.3924532 1.3644969 0.9612088 0.6714961 1.3831658 1.3998161 1.4277267 1.3260765 1.4063876 1.0327376 0.9418910 1.1088233 1.6595818 1.3066020 1.0664256 1.4838593 1.2758173 0.7232935 1.0049085 1.0127178 0.9537859 1.0049085 0.9995881 2.1796228 1.5321165 0.9104803 0.0605764 1.1210934 0.8710380 1.4666299 1.2946253 1.2118691 0.6558104 1.4781025 0.9069512 1.3502875 0.9130982 0.8641414 0.8912064 1.3766452 1.2837875 0.9390055 1.1181885 0.4112800 0.9420909 0.8935101 0.9137392 0.8475024 1.8043277 0.1179514 
Glyma.01G165600 0.9642571 0.0000000 0.7798659 1.4277532 1.8428643 1.0818260 1.2249149 1.4749347 0.6847134 0.7152669 0.9144316 1.4047054 1.6128877 1.4230095 1.4695501 1.1099790 0.6776148 1.0670240 1.2952216 1.4288084 1.1206370 1.6435654 1.4121238 0.9224342 0.9991683 0.9048582 0.9239976 0.9991683 0.9157217 2.0727704 1.3759764 0.0618849 0.9448075 0.6818834 1.1781381 1.4602186 1.3594128 0.7855155 0.9417364 1.4762292 1.1142676 1.4992194 0.9943095 0.9636615 1.0460276 1.5680725 1.0801388 0.5703049 0.9605223 1.0728207 0.4042806 0.8961765 0.5373706 0.9507822 1.6629701 0.9328272 
Glyma.01G165800 1.3156833 0.7798659 0.0000000 1.7078334 2.2849974 1.3808921 1.7533630 1.5924342 1.0210662 1.0388287 0.9541539 2.0190981 2.0554396 1.7276306 1.8239942 1.5312731 1.0326921 1.4856353 1.2448581 1.5850901 1.6276124 2.1033949 1.8341483 1.2423738 1.3172032 1.2891951 1.1782743 1.3172032 1.2991217 2.2831064 1.6637472 0.7769343 1.2917574 1.0426679 1.9953288 1.5946753 1.4322564 1.2060783 1.4110731 1.6582203 1.5340596 1.8340408 1.3415676 1.2796486 1.4880425 1.8621952 1.5758100 0.9590600 1.2547938 1.3503324 0.9017956 1.3132604 0.9536439 1.2879862 1.9747976 1.2824627 
Glyma.01G217600 1.5404190 1.4277532 1.7078334 0.0000000 0.6860435 1.5040100 1.3046417 1.7139628 1.3730896 1.2025414 1.6113890 1.3311236 1.6032412 0.6198088 0.5872670 1.5510609 1.3880093 1.2113455 1.6285116 1.6345588 1.4628010 1.6412948 1.8952444 1.1111948 1.3766025 1.5096965 1.5184787 1.3766025 1.5333373 2.3968349 0.0609445 1.3548246 1.5714067 1.5192472 0.7411809 1.8401385 1.5574330 1.4724440 1.4615187 1.8639873 1.3670852 1.4093452 1.3804651 1.3583663 1.2914095 1.4742311 1.3149867 1.4375958 1.6049734 1.5094092 1.4497517 1.3027715 1.4645599 1.4949589 1.6988940 1.5108691 
Glyma.01G217700 1.6491783 1.8428643 2.2849974 0.6860435 0.0000000 1.4706815 1.4902909 1.8277738 1.7958411 1.1798651 1.9068362 1.4736766 1.7485439 0.6020282 0.5439490 1.5464502 1.7961930 1.4050175 2.0722943 1.8427733 1.4951808 1.7823449 1.8429878 1.1354912 1.4857386 1.6170533 1.6277837 1.4857386 1.6399236 2.8372513 0.6932664 1.8161354 1.6542891 1.7162291 1.5324992 1.9331590 1.7798020 1.6801002 1.5400477 1.8985956 1.5630678 1.5501558 1.4460969 1.4552982 1.3393845 1.5799782 1.4832635 1.8321518 1.9627196 1.4506152 1.7941096 1.3697326 1.8358366 1.7974700 1.8873658 1.5935497 
Glyma.02G047400 0.4295796 1.0818260 1.3808921 1.5040100 1.4706815 0.0000000 1.3695120 1.3934858 1.0022155 0.7415650 1.4214230 1.3372840 1.3936213 1.4010824 1.4277112 1.0025360 0.9985660 1.0883130 1.7361720 1.4751573 1.0227540 1.4253911 1.3048249 0.7499175 1.0965312 1.0759367 1.0209986 1.0965312 1.0636384 2.3471821 1.4952293 1.0524607 0.4266314 1.0728860 0.7792548 1.5426060 1.3883663 1.1859004 0.6656453 1.5281362 0.9947376 1.2894026 1.0137607 0.9829810 0.9830102 1.3481277 1.2430499 1.1005931 1.1852342 0.0696409 1.0892909 0.9725047 1.0345600 0.8206282 1.7587496 0.4485278 
Glyma.02G220900 1.3924532 1.2249149 1.7533630 1.3046417 1.4902909 1.3695120 0.0000000 1.3245849 1.4874216 0.9030631 1.7445937 0.5593212 1.7116099 1.4083475 1.3782922 1.3026281 1.5160133 0.3223220 2.2087084 1.5532721 1.3680317 1.7267063 1.5409581 0.9828205 1.1876059 1.3078152 1.3090953 1.1876059 1.3394294 2.4937563 1.2741171 1.2378554 1.3488305 1.4123227 2.0079369 1.6440767 1.3525333 1.5471824 1.3241329 1.6036709 1.2375118 1.5937187 1.1483193 1.1205569 1.0685958 1.5962147 0.0424126 1.3792091 1.2554179 1.3848161 1.2919623 1.0295764 1.3150249 1.3485513 1.8055600 1.3024795 
Glyma.02G249500 1.3644969 1.4749347 1.5924342 1.7139628 1.8277738 1.3934858 1.3245849 0.0000000 1.5388336 1.0784493 1.8441526 1.3888080 1.4260425 1.7888835 1.6860335 1.2389836 1.5401937 1.3036531 2.0170358 0.4908916 1.2052547 1.4289800 1.6817641 0.9827696 1.4741617 1.5585517 1.5829166 1.4741617 1.6095050 2.4217733 1.6800902 1.4706202 1.3512876 1.6769811 1.1877578 1.8364964 0.3186937 1.6911647 1.4848316 1.7850145 1.2523172 1.4691370 1.3876144 1.3505022 1.4545682 1.5385469 1.3138594 1.4259469 1.6874927 1.4312121 1.4718705 1.3680875 1.4123596 1.4229115 1.7245816 1.3376063 
Glyma.04G023700 0.9612088 0.6847134 1.0210662 1.3730896 1.7958411 1.0022155 1.4874216 1.5388336 0.0000000 0.7249322 1.3314132 1.4789612 1.7171057 1.4463679 1.4168764 1.0775342 0.0708307 1.0757564 1.5448601 1.4380941 1.0406020 1.7713444 1.3593937 0.8961961 1.0178258 1.0580998 1.0452017 1.0178258 1.0521284 2.2365117 1.3378856 0.6920727 0.9479035 0.7381187 1.3016798 1.4566625 1.4647298 0.8042145 0.9511412 1.5115927 1.1213762 1.3999780 1.0126453 0.9480665 1.0169583 1.4464623 1.2640805 0.3317759 1.1658159 1.0079513 0.7501706 0.9723279 0.3362378 1.0101525 1.5209962 0.9084512 
Glyma.04G034300 0.6714961 0.7152669 1.0388287 1.2025414 1.1798651 0.7415650 0.9030631 1.0784493 0.7249322 0.0000000 1.2881134 0.9835208 1.0400221 1.2790106 1.3062816 0.7182798 0.6812750 0.9762977 1.1481900 1.0400033 0.7164434 1.0115729 1.1394652 0.8585011 0.9039275 0.8417230 0.8416538 0.9039275 0.8391894 1.9831607 1.2293798 0.7238931 0.6927730 0.8830809 0.3745507 1.3804369 1.0970985 0.8850106 0.6474955 1.4130644 0.8533455 0.8227455 0.3220310 0.3518211 0.3008407 0.9020012 0.9154196 0.6796238 1.1932867 0.7262939 0.6950642 0.3739302 0.6573274 0.6820664 1.2226632 0.6499702 
Glyma.04G176200 1.3831658 0.9144316 0.9541539 1.6113890 1.9068362 1.4214230 1.7445937 1.8441526 1.3314132 1.2881134 0.0000000 2.0896430 2.1730539 1.6203998 1.7011132 1.7460093 1.3032042 1.6575951 0.9947240 1.8353760 1.7078682 2.1311918 2.1761859 1.3057065 1.3113007 1.2843030 1.2970178 1.3113007 1.2660017 2.6101064 1.5824497 0.8902343 1.3727145 1.3704750 1.9107638 1.7937738 1.6874493 1.3953145 1.3927426 1.7716010 1.6152237 1.8749141 1.6176707 1.5322264 1.7244920 1.8240806 1.6170989 1.1446730 1.5588233 1.4121879 0.9824529 1.5915094 1.1906373 1.5023287 2.0802152 1.3994129 
Glyma.04G225800 1.3998161 1.4047054 2.0190981 1.3311236 1.4736766 1.3372840 0.5593212 1.3888080 1.4789612 0.9835208 2.0896430 0.0000000 1.7811491 1.3504455 1.3903981 1.2212095 1.4560332 0.2206896 2.3391835 1.4590766 1.3200795 1.7471690 1.3462504 1.1017954 1.1011958 1.1188706 1.0789091 1.1011958 1.1157370 2.5468616 1.3179966 1.4298158 1.4532183 1.4069880 1.7673314 1.6124401 1.4849167 1.5486580 1.3191665 1.5229176 1.1240398 1.4980296 1.1903655 1.2034603 1.1286919 1.5764702 0.4948703 1.3778114 1.3053408 1.3025423 1.3942477 1.1273779 1.2720976 1.3253280 1.5347731 1.3625697 
Glyma.05G169700 1.4277267 1.6128877 2.0554396 1.6032412 1.7485439 1.3936213 1.7116099 1.4260425 1.7171057 1.0400221 2.1730539 1.7811491 0.0000000 1.5841198 1.5733088 1.3342268 1.6687018 1.3935800 2.2472598 1.5147662 1.2910335 0.0321126 1.6885289 1.0700800 1.5106283 1.6265182 1.6537037 1.5106283 1.6222953 2.3758297 1.6219515 1.6209453 1.3754954 1.6236664 3.0247276 1.6062805 1.4781023 1.7578709 1.5250605 1.6112451 1.2457309 0.8051533 1.1260974 1.1116582 1.2586955 0.8046881 1.6226238 1.5734653 1.7404045 1.3824258 1.6666608 1.2159948 1.4595514 1.4657230 1.8523732 1.3050464 
Glyma.05G204600 1.3260765 1.4230095 1.7276306 0.6198088 0.6020282 1.4010824 1.4083475 1.7888835 1.4463679 1.2790106 1.6203998 1.3504455 1.5841198 0.0000000 0.1363599 1.7020513 1.4692936 1.2321037 1.5342785 1.7976661 1.6044874 1.6468526 2.0197077 1.1169820 1.4130429 1.3994458 1.4140709 1.4130429 1.4012067 2.6516050 0.6355330 1.3696812 1.3490577 1.5241092 0.6952477 1.9200591 1.6529875 1.4987764 1.4132748 1.8962273 1.4671034 1.3136356 1.3775140 1.3673373 1.2894203 1.3486588 1.4172432 1.3539644 1.7199501 1.3869318 1.3957154 1.2788551 1.3595839 1.5532645 1.7330911 1.3368834 
Glyma.05G204800 1.4063876 1.4695501 1.8239942 0.5872670 0.5439490 1.4277112 1.3782922 1.6860335 1.4168764 1.3062816 1.7011132 1.3903981 1.5733088 0.1363599 0.0000000 1.6271924 1.4396813 1.2214678 1.6437961 1.6869096 1.5657051 1.6712776 2.0538416 1.1029380 1.5154248 1.5459600 1.5640310 1.5154248 1.5309392 2.4622849 0.5951471 1.4176270 1.4078321 1.5907617 0.8030756 1.9940512 1.6293450 1.5456704 1.4330211 1.9485419 1.5962278 1.2993962 1.3731911 1.3699366 1.2822326 1.3452237 1.3974997 1.3640416 1.7478913 1.4223495 1.4234457 1.2619736 1.3856436 1.6198807 1.7715568 1.4368970 
Glyma.05G245800 1.0327376 1.1099790 1.5312731 1.5510609 1.5464502 1.0025360 1.3026281 1.2389836 1.0775342 0.7182798 1.7460093 1.2212095 1.3342268 1.7020513 1.6271924 0.0000000 1.0906299 1.2041216 1.8928492 1.2527024 0.0528678 1.3468239 1.4056734 0.6819349 1.2013906 1.1692243 1.1515711 1.2013906 1.1770631 2.5527395 1.5030805 1.0577912 0.9956471 1.2842651 0.6696262 1.5259051 1.2107691 1.3022395 0.9558689 1.5047256 1.0107122 1.2550280 1.0959267 1.0447637 1.0674428 1.3643443 1.3029041 1.0942636 1.4163673 1.0389720 1.1484704 1.0412911 1.0353605 0.9990871 1.3529160 0.9556963 
Glyma.06G023900 0.9418910 0.6776148 1.0326921 1.3880093 1.7961930 0.9985660 1.5160133 1.5401937 0.0708307 0.6812750 1.3032042 1.4560332 1.6687018 1.4692936 1.4396813 1.0906299 0.0000000 1.0774922 1.5564760 1.4608886 1.0481786 1.7057104 1.3530513 0.8369012 0.9995908 1.0451098 1.0340815 0.9995908 1.0424628 2.1446465 1.3525135 0.6830278 0.9270045 0.7669876 1.2653549 1.4747562 1.4796733 0.8312090 0.9424242 1.4788003 1.0994739 1.3683237 0.9963573 0.9303100 1.0037888 1.4139193 1.2895533 0.3480139 1.1383584 1.0042806 0.7624438 0.9583735 0.3501972 1.0154255 1.5666000 0.8825726 
Glyma.06G139000 1.1088233 1.0670240 1.4856353 1.2113455 1.4050175 1.0883130 0.3223220 1.3036531 1.0757564 0.9762977 1.6575951 0.2206896 1.3935800 1.2321037 1.2214678 1.2041216 1.0774922 0.0000000 1.8222320 1.4098431 1.2177600 1.4088733 1.4372630 0.9588869 1.0730423 1.1033853 1.0556772 1.0730423 1.1002489 2.4267705 1.1863748 1.0422437 1.1171665 1.2260619 1.6390652 1.7502422 1.3651370 1.1944387 1.0645145 1.6826772 1.0631042 1.2930618 1.0458110 1.0224287 1.0005254 1.3748517 0.3114619 0.9811266 1.2378861 1.0776726 1.1391560 0.9672756 0.9832850 1.0189104 1.5675319 1.0590712 
Glyma.06G189100 1.6595818 1.2952216 1.2448581 1.6285116 2.0722943 1.7361720 2.2087084 2.0170358 1.5448601 1.1481900 0.9947240 2.3391835 2.2472598 1.5342785 1.6437961 1.8928492 1.5564760 1.8222320 0.0000000 1.8734110 1.8205255 2.2860278 2.1981428 1.3828314 1.5780291 1.4525974 1.4634601 1.5780291 1.4841021 2.6923174 1.6144041 1.2729382 1.6627590 1.4185098 2.0570092 1.9752491 1.7636986 1.5222881 1.5274482 1.9705483 1.7960582 2.1769617 1.7030525 1.6248229 1.8022341 2.1359070 1.8709133 1.4826897 1.7396181 1.7013669 1.2963057 1.6717630 1.4229875 1.9159324 2.1657688 1.6256919 
Glyma.07G135100 1.3066020 1.4288084 1.5850901 1.6345588 1.8427733 1.4751573 1.5532721 0.4908916 1.4380941 1.0400033 1.8353760 1.4590766 1.5147662 1.7976661 1.6869096 1.2527024 1.4608886 1.4098431 1.8734110 0.0000000 1.2480736 1.5293029 1.5493656 0.9472797 1.4721319 1.4727997 1.4759145 1.4721319 1.4796914 2.4878264 1.6279313 1.3849940 1.3051525 1.5687667 1.0172025 1.8852345 0.4976776 1.5935114 1.4746420 1.8233614 1.1965853 1.4667724 1.2792264 1.2023041 1.3966941 1.5464335 1.5511681 1.3698226 1.6937469 1.4402665 1.4465915 1.2906576 1.3934601 1.4020747 1.7895137 1.2822819 
Glyma.08G053600 1.0664256 1.1206370 1.6276124 1.4628010 1.4951808 1.0227540 1.3680317 1.2052547 1.0406020 0.7164434 1.7078682 1.3200795 1.2910335 1.6044874 1.5657051 0.0528678 1.0481786 1.2177600 1.8205255 1.2480736 0.0000000 1.3109831 1.3846335 0.6384911 1.1778910 1.2729728 1.1668954 1.1778910 1.2530669 2.4435716 1.4612279 1.0684213 1.0233961 1.2191653 0.6635789 1.5223182 1.1644876 1.2089941 0.9340568 1.4699635 0.9599440 1.1843909 1.0958069 1.0417437 1.0808351 1.2770697 1.3761401 1.0284556 1.3876029 1.0425267 1.1601533 1.0346459 0.9704867 0.9768084 1.3677116 0.9714091 
Glyma.08G128000 1.4838593 1.6435654 2.1033949 1.6412948 1.7823449 1.4253911 1.7267063 1.4289800 1.7713444 1.0115729 2.1311918 1.7471690 0.0321126 1.6468526 1.6712776 1.3468239 1.7057104 1.4088733 2.2860278 1.5293029 1.3109831 0.0000000 1.7721136 1.0785323 1.4886014 1.6447500 1.6557355 1.4886014 1.6373762 2.3330181 1.6603830 1.6517857 1.4306958 1.6490964 3.0510874 1.6176629 1.4949812 1.8037463 1.5633042 1.6342948 1.2614750 0.8572061 1.1507217 1.1329148 1.2523638 0.8572247 1.6282352 1.6275429 1.7907223 1.4038666 1.6808086 1.2180857 1.5076311 1.4994424 1.8383907 1.3474719 
Glyma.08G172700 1.2758173 1.4121238 1.8341483 1.8952444 1.8429878 1.3048249 1.5409581 1.6817641 1.3593937 1.1394652 2.1761859 1.3462504 1.6885289 2.0197077 2.0538416 1.4056734 1.3530513 1.4372630 2.1981428 1.5493656 1.3846335 1.7721136 0.0000000 1.0613829 1.0933519 1.0588049 1.0545470 1.0933519 1.0531322 3.0210944 1.9012427 1.3722670 1.2596287 1.4439558 0.3938350 2.6051544 1.5720849 1.4311140 1.2937327 2.6242075 1.2127232 1.4218868 1.3011369 1.3497636 1.3910497 1.4621761 1.5445079 1.2655154 0.5407498 1.3782749 1.4971853 1.3109557 1.3084457 1.2073332 1.9002797 1.1983231 
Glyma.09G003600 0.7232935 0.9224342 1.2423738 1.1111948 1.1354912 0.7499175 0.9828205 0.9827696 0.8961961 0.8585011 1.3057065 1.1017954 1.0700800 1.1169820 1.1029380 0.6819349 0.8369012 0.9588869 1.3828314 0.9472797 0.6384911 1.0785323 1.0613829 0.0000000 0.9808126 1.0738759 1.0776789 0.9808126 1.0687337 1.8186659 1.0969677 0.8653010 0.7248055 1.0220761 0.4224254 1.5558408 1.0053357 1.0367729 0.6646722 1.5702991 0.0991417 0.9180223 0.7696248 0.7597324 0.8498355 0.9751638 0.9845549 0.7995517 0.9049945 0.7715187 0.9005355 0.7169337 0.7818835 0.7746808 1.2224517 0.7151253 
Glyma.10G060300 1.0049085 0.9991683 1.3172032 1.3766025 1.4857386 1.0965312 1.1876059 1.4741617 1.0178258 0.9039275 1.3113007 1.1011958 1.5106283 1.4130429 1.5154248 1.2013906 0.9995908 1.0730423 1.5780291 1.4721319 1.1778910 1.4886014 1.0933519 0.9808126 0.0000000 0.2288351 0.2302116 0.0000010 0.2395486 2.2529745 1.3305029 0.9259165 0.9820461 1.0982136 0.7414094 1.6973018 1.4058046 1.0851034 1.0690567 1.6487696 1.2712082 1.3838653 1.0174961 0.9616427 1.0041010 1.3910051 1.1872555 0.8815032 0.8463773 1.0904044 1.0465954 0.9787076 0.8709070 1.0210625 1.5117770 0.9077675 
Glyma.10G060800 1.0127178 0.9048582 1.2891951 1.5096965 1.6170533 1.0759367 1.3078152 1.5585517 1.0580998 0.8417230 1.2843030 1.1188706 1.6265182 1.3994458 1.5459600 1.1692243 1.0451098 1.1033853 1.4525974 1.4727997 1.2729728 1.6447500 1.0588049 1.0738759 0.2288351 0.0000000 0.0000010 0.2288351 0.0312759 2.3408520 1.5031235 0.8645966 0.9890144 1.0944847 0.5904341 1.7112964 1.4179183 1.0902405 1.0622128 1.6809297 1.3422765 1.5032630 1.0405756 0.9838539 1.0082637 1.5183134 1.3154148 0.9472207 0.8379106 1.0642151 0.9626294 1.0138296 0.9339400 1.0934321 1.5855642 0.9352578 
Glyma.10G061000 0.9537859 0.9239976 1.1782743 1.5184787 1.6277837 1.0209986 1.3090953 1.5829166 1.0452017 0.8416538 1.2970178 1.0789091 1.6537037 1.4140709 1.5640310 1.1515711 1.0340815 1.0556772 1.4634601 1.4759145 1.1668954 1.6557355 1.0545470 1.0776789 0.2302116 0.0000010 0.0000000 0.2302116 0.0167863 2.3634276 1.5117867 0.8723186 0.9234241 1.0713494 0.5904341 1.7209466 1.4455904 1.0671731 1.0358463 1.6899761 1.3550633 1.5030509 1.0268890 0.9696209 0.9941979 1.5183133 1.3169104 0.9294545 0.8303548 1.0256249 0.9327551 0.9997659 0.9160439 1.0713361 1.5786623 0.8620032 
Glyma.10G061700 1.0049085 0.9991683 1.3172032 1.3766025 1.4857386 1.0965312 1.1876059 1.4741617 1.0178258 0.9039275 1.3113007 1.1011958 1.5106283 1.4130429 1.5154248 1.2013906 0.9995908 1.0730423 1.5780291 1.4721319 1.1778910 1.4886014 1.0933519 0.9808126 0.0000010 0.2288351 0.2302116 0.0000000 0.2395486 2.2529745 1.3305029 0.9259165 0.9820461 1.0982136 0.7414094 1.6973018 1.4058046 1.0851034 1.0690567 1.6487696 1.2712082 1.3838653 1.0174961 0.9616427 1.0041010 1.3910051 1.1872555 0.8815032 0.8463773 1.0904044 1.0465954 0.9787076 0.8709070 1.0210625 1.5117770 0.9077675 
Glyma.10G061800 0.9995881 0.9157217 1.2991217 1.5333373 1.6399236 1.0636384 1.3394294 1.6095050 1.0521284 0.8391894 1.2660017 1.1157370 1.6222953 1.4012067 1.5309392 1.1770631 1.0424628 1.1002489 1.4841021 1.4796914 1.2530669 1.6373762 1.0531322 1.0687337 0.2395486 0.0312759 0.0167863 0.2395486 0.0000000 2.3706524 1.5266883 0.8772949 0.9708209 1.0949870 0.5904341 1.7097323 1.4469906 1.0907393 1.0604729 1.6794608 1.3356298 1.4967938 1.0416547 0.9848211 1.0092870 1.5118199 1.3563226 0.9530723 0.8585026 1.0485571 0.9709641 1.0148675 0.9416697 1.0936356 1.5397850 0.8959634 
Glyma.10G062100 2.1796228 2.0727704 2.2831064 2.3968349 2.8372513 2.3471821 2.4937563 2.4217733 2.2365117 1.9831607 2.6101064 2.5468616 2.3758297 2.6516050 2.4622849 2.5527395 2.1446465 2.4267705 2.6923174 2.4878264 2.4435716 2.3330181 3.0210944 1.8186659 2.2529745 2.3408520 2.3634276 2.2529745 2.3706524 0.0000000 2.3799764 2.0288985 2.0737585 2.4167094 1.6556747 2.4251366 2.4893480 2.4361091 2.0086160 2.3696304 2.1530164 2.2723574 2.1016661 2.0393440 2.1825170 2.2936804 2.5483504 2.2134560 2.7036060 2.3099174 2.2793331 2.1700452 2.2558997 2.2493262 2.8720827 2.1097262 
Glyma.11G025600 1.5321165 1.3759764 1.6637472 0.0609445 0.6932664 1.4952293 1.2741171 1.6800902 1.3378856 1.2293798 1.5824497 1.3179966 1.6219515 0.6355330 0.5951471 1.5030805 1.3525135 1.1863748 1.6144041 1.6279313 1.4612279 1.6603830 1.9012427 1.0969677 1.3305029 1.5031235 1.5117867 1.3305029 1.5266883 2.3799764 0.0000000 1.3051139 1.5563026 1.5124671 0.9702232 1.8254606 1.4826310 1.4706007 1.4568347 1.8924976 1.3929242 1.4005221 1.3178183 1.2999199 1.2316848 1.4784131 1.2909009 1.4308463 1.5847523 1.5005617 1.4288163 1.2408950 1.4501586 1.4661210 1.6350102 1.4946676 
Glyma.11G077700 0.9104803 0.0618849 0.7769343 1.3548246 1.8161354 1.0524607 1.2378554 1.4706202 0.6920727 0.7238931 0.8902343 1.4298158 1.6209453 1.3696812 1.4176270 1.0577912 0.6830278 1.0422437 1.2729382 1.3849940 1.0684213 1.6517857 1.3722670 0.8653010 0.9259165 0.8645966 0.8723186 0.9259165 0.8772949 2.0288985 1.3051139 0.0000000 0.8896483 0.7012114 1.2223777 1.4153933 1.3462573 0.8352067 0.9153871 1.4326638 1.0429406 1.4468129 1.0109333 0.9551717 1.0503710 1.5442268 1.0694697 0.5616787 0.9530338 1.0409406 0.4144552 0.9095787 0.5172352 0.9170157 1.6057327 0.8917669 
Glyma.11G077800 0.0605764 0.9448075 1.2917574 1.5714067 1.6542891 0.4266314 1.3488305 1.3512876 0.9479035 0.6927730 1.3727145 1.4532183 1.3754954 1.3490577 1.4078321 0.9956471 0.9270045 1.1171665 1.6627590 1.3051525 1.0233961 1.4306958 1.2596287 0.7248055 0.9820461 0.9890144 0.9234241 0.9820461 0.9708209 2.0737585 1.5563026 0.8896483 0.0000000 1.0764119 0.8817866 1.4542622 1.2901382 1.1547164 0.6473691 1.4657484 0.9254947 1.3319374 0.8984620 0.8641968 0.8889688 1.3482952 1.2364071 0.9090572 1.0976807 0.4148255 0.9181889 0.8794768 0.8895451 0.8323292 1.7966892 0.1326043 
Glyma.11G106100 1.1210934 0.6818834 1.0426679 1.5192472 1.7162291 1.0728860 1.4123227 1.6769811 0.7381187 0.8830809 1.3704750 1.4069880 1.6236664 1.5241092 1.5907617 1.2842651 0.7669876 1.2260619 1.4185098 1.5687667 1.2191653 1.6490964 1.4439558 1.0220761 1.0982136 1.0944847 1.0713494 1.0982136 1.0949870 2.4167094 1.5124671 0.7012114 1.0764119 0.0000000 1.3125239 1.5460790 1.5610680 0.0328701 1.0957233 1.5386026 1.1867636 1.5427620 1.3821239 1.3210246 1.3325521 1.6160818 1.3858981 0.8183904 1.0750141 1.0956590 0.7137535 1.3307791 0.7866542 1.1418630 1.7212017 1.1361500 
Glyma.11G106200 0.8710380 1.1781381 1.9953288 0.7411809 1.5324992 0.7792548 2.0079369 1.1877578 1.3016798 0.3745507 1.9107638 1.7673314 3.0247276 0.6952477 0.8030756 0.6696262 1.2653549 1.6390652 2.0570092 1.0172025 0.6635789 3.0510874 0.3938350 0.4224254 0.7414094 0.5904341 0.5904341 0.7414094 0.5904341 1.6556747 0.9702232 1.2223777 0.8817866 1.3125239 0.0000000 1.8424107 0.9542280 1.3534967 0.0696128 1.6946703 0.4224254 1.5785314 0.5063661 0.5063661 0.4702490 1.4823344 1.8399838 1.4845479 0.9518740 0.7195984 1.0565435 0.4487390 1.3558746 0.8985315 1.7730060 0.7933808 
Glyma.11G140800 1.4666299 1.4602186 1.5946753 1.8401385 1.9331590 1.5426060 1.6440767 1.8364964 1.4566625 1.3804369 1.7937738 1.6124401 1.6062805 1.9200591 1.9940512 1.5259051 1.4747562 1.7502422 1.9752491 1.8852345 1.5223182 1.6176629 2.6051544 1.5558408 1.6973018 1.7112964 1.7209466 1.6973018 1.7097323 2.4251366 1.8254606 1.4153933 1.4542622 1.5460790 1.8424107 0.0000000 1.7711376 1.5441926 1.4575211 0.0509184 1.6470996 1.4599547 1.5435961 1.4354196 1.4356693 1.4665150 1.6923159 1.3119280 2.0252259 1.4896808 1.5642040 1.4795501 1.3163392 1.4915848 1.5891486 1.5025331 
Glyma.11G220700 1.2946253 1.3594128 1.4322564 1.5574330 1.7798020 1.3883663 1.3525333 0.3186937 1.4647298 1.0970985 1.6874493 1.4849167 1.4781023 1.6529875 1.6293450 1.2107691 1.4796733 1.3651370 1.7636986 0.4976776 1.1644876 1.4949812 1.5720849 1.0053357 1.4058046 1.4179183 1.4455904 1.4058046 1.4469906 2.4893480 1.4826310 1.3462573 1.2901382 1.5610680 0.9542280 1.7711376 0.0000000 1.5904222 1.3563904 1.7348925 1.2364778 1.3888797 1.4045216 1.3448946 1.5183460 1.4334093 1.3499044 1.3763586 1.5739890 1.3951773 1.4862263 1.4169683 1.3562444 1.2871366 1.6549325 1.2737207 
Glyma.12G031000 1.2118691 0.7855155 1.2060783 1.4724440 1.6801002 1.1859004 1.5471824 1.6911647 0.8042145 0.8850106 1.3953145 1.5486580 1.7578709 1.4987764 1.5456704 1.3022395 0.8312090 1.1944387 1.5222881 1.5935114 1.2089941 1.8037463 1.4311140 1.0367729 1.0851034 1.0902405 1.0671731 1.0851034 1.0907393 2.4361091 1.4706007 0.8352067 1.1547164 0.0328701 1.3534967 1.5441926 1.5904222 0.0000000 1.1241820 1.5043460 1.1874177 1.6142059 1.4106119 1.3496302 1.3602774 1.6940199 1.3741889 0.8986983 1.0656291 1.2111420 0.8485640 1.3504903 0.8160894 1.2534154 1.7296578 1.2040636 
Glyma.12G031200 0.6558104 0.9417364 1.4110731 1.4615187 1.5400477 0.6656453 1.3241329 1.4848316 0.9511412 0.6474955 1.3927426 1.3191665 1.5250605 1.4132748 1.4330211 0.9558689 0.9424242 1.0645145 1.5274482 1.4746420 0.9340568 1.5633042 1.2937327 0.6646722 1.0690567 1.0622128 1.0358463 1.0690567 1.0604729 2.0086160 1.4568347 0.9153871 0.6473691 1.0957233 0.0696128 1.4575211 1.3563904 1.1241820 0.0000000 1.4386442 0.9575301 1.4079748 0.9482102 0.9052088 0.9385377 1.4448691 1.2482373 0.9646180 1.1759851 0.6650183 0.9703668 0.8789412 0.9332000 0.6755630 1.8150417 0.5734724 
Glyma.12G064300 1.4781025 1.4762292 1.6582203 1.8639873 1.8985956 1.5281362 1.6036709 1.7850145 1.5115927 1.4130644 1.7716010 1.5229176 1.6112451 1.8962273 1.9485419 1.5047256 1.4788003 1.6826772 1.9705483 1.8233614 1.4699635 1.6342948 2.6242075 1.5702991 1.6487696 1.6809297 1.6899761 1.6487696 1.6794608 2.3696304 1.8924976 1.4326638 1.4657484 1.5386026 1.6946703 0.0509184 1.7348925 1.5043460 1.4386442 0.0000000 1.6412830 1.4660189 1.5496181 1.4354938 1.4377139 1.4942095 1.6412093 1.3129642 2.0352210 1.4855117 1.5909287 1.4683251 1.2929281 1.5026537 1.6078074 1.5142248 
Glyma.12G238900 0.9069512 1.1142676 1.5340596 1.3670852 1.5630678 0.9947376 1.2375118 1.2523172 1.1213762 0.8533455 1.6152237 1.1240398 1.2457309 1.4671034 1.5962278 1.0107122 1.0994739 1.0631042 1.7960582 1.1965853 0.9599440 1.2614750 1.2127232 0.0991417 1.2712082 1.3422765 1.3550633 1.2712082 1.3356298 2.1530164 1.3929242 1.0429406 0.9254947 1.1867636 0.4224254 1.6470996 1.2364778 1.1874177 0.9575301 1.6412830 0.0000000 1.1627653 0.9759852 0.9640299 1.0141643 1.2017505 1.2275947 1.0441766 1.2380215 0.9997322 1.1260746 0.8992501 1.0173303 0.9814198 1.5801901 0.9256907 
Glyma.13G082700 1.3502875 1.4992194 1.8340408 1.4093452 1.5501558 1.2894026 1.5937187 1.4691370 1.3999780 0.8227455 1.8749141 1.4980296 0.8051533 1.3136356 1.2993962 1.2550280 1.3683237 1.2930618 2.1769617 1.4667724 1.1843909 0.8572061 1.4218868 0.9180223 1.3838653 1.5032630 1.5030509 1.3838653 1.4967938 2.2723574 1.4005221 1.4468129 1.3319374 1.5427620 1.5785314 1.4599547 1.3888797 1.6142059 1.4079748 1.4660189 1.1627653 0.0000000 1.0446607 1.0013534 1.0846003 0.1075901 1.4805174 1.3946096 1.7057891 1.3080248 1.6552781 1.0148444 1.2645264 1.3691319 1.6519958 1.3081587 
Glyma.14G077267 0.9130982 0.9943095 1.3415676 1.3804651 1.4460969 1.0137607 1.1483193 1.3876144 1.0126453 0.3220310 1.6176707 1.1903655 1.1260974 1.3775140 1.3731911 1.0959267 0.9963573 1.0458110 1.7030525 1.2792264 1.0958069 1.1507217 1.3011369 0.7696248 1.0174961 1.0405756 1.0268890 1.0174961 1.0416547 2.1016661 1.3178183 1.0109333 0.8984620 1.3821239 0.5063661 1.5435961 1.4045216 1.4106119 0.9482102 1.5496181 0.9759852 1.0446607 0.0000000 0.0518369 0.2427848 1.0605986 1.1670882 1.0500528 1.3036667 1.0188501 1.0613650 0.2204688 1.0180834 1.0008149 1.3943708 0.9364184 
Glyma.14G077333 0.8641414 0.9636615 1.2796486 1.3583663 1.4552982 0.9829810 1.1205569 1.3505022 0.9480665 0.3518211 1.5322264 1.2034603 1.1116582 1.3673373 1.3699366 1.0447637 0.9303100 1.0224287 1.6248229 1.2023041 1.0417437 1.1329148 1.3497636 0.7597324 0.9616427 0.9838539 0.9696209 0.9616427 0.9848211 2.0393440 1.2999199 0.9551717 0.8641968 1.3210246 0.5063661 1.4354196 1.3448946 1.3496302 0.9052088 1.4354938 0.9640299 1.0013534 0.0518369 0.0000000 0.2520776 1.0133210 1.1423974 0.9824015 1.2607203 0.9895439 1.0212682 0.2309846 0.9520371 1.0014627 1.3420328 0.9025579 
Glyma.14G077400 0.8912064 1.0460276 1.4880425 1.2914095 1.3393845 0.9830102 1.0685958 1.4545682 1.0169583 0.3008407 1.7244920 1.1286919 1.2586955 1.2894203 1.2822326 1.0674428 1.0037888 1.0005254 1.8022341 1.3966941 1.0808351 1.2523638 1.3910497 0.8498355 1.0041010 1.0082637 0.9941979 1.0041010 1.0092870 2.1825170 1.2316848 1.0503710 0.8889688 1.3325521 0.4702490 1.4356693 1.5183460 1.3602774 0.9385377 1.4377139 1.0141643 1.0846003 0.2427848 0.2520776 0.0000000 1.1597674 1.0862229 1.0142508 1.3215021 0.9995932 1.0216037 0.1363513 0.9698897 1.0075996 1.4687812 0.9073268 
Glyma.14G163700 1.3766452 1.5680725 1.8621952 1.4742311 1.5799782 1.3481277 1.5962147 1.5385469 1.4464623 0.9020012 1.8240806 1.5764702 0.8046881 1.3486588 1.3452237 1.3643443 1.4139193 1.3748517 2.1359070 1.5464335 1.2770697 0.8572247 1.4621761 0.9751638 1.3910051 1.5183134 1.5183133 1.3910051 1.5118199 2.2936804 1.4784131 1.5442268 1.3482952 1.6160818 1.4823344 1.4665150 1.4334093 1.6940199 1.4448691 1.4942095 1.2017505 0.1075901 1.0605986 1.0133210 1.1597674 0.0000000 1.4893121 1.4157729 1.7166559 1.3696691 1.6804784 1.0830211 1.3240607 1.4186897 1.7388855 1.3073051 
Glyma.14G188400 1.2837875 1.0801388 1.5758100 1.3149867 1.4832635 1.2430499 0.0424126 1.3138594 1.2640805 0.9154196 1.6170989 0.4948703 1.6226238 1.4172432 1.3974997 1.3029041 1.2895533 0.3114619 1.8709133 1.5511681 1.3761401 1.6282352 1.5445079 0.9845549 1.1872555 1.3154148 1.3169104 1.1872555 1.3563226 2.5483504 1.2909009 1.0694697 1.2364071 1.3858981 1.8399838 1.6923159 1.3499044 1.3741889 1.2482373 1.6412093 1.2275947 1.4805174 1.1670882 1.1423974 1.0862229 1.4893121 0.0000000 1.1518052 1.2585611 1.2424601 1.1951094 1.0471156 1.1262130 1.1985825 1.8107544 1.2002329 
Glyma.14G219600 0.9390055 0.5703049 0.9590600 1.4375958 1.8321518 1.1005931 1.3792091 1.4259469 0.3317759 0.6796238 1.1446730 1.3778114 1.5734653 1.3539644 1.3640416 1.0942636 0.3480139 0.9811266 1.4826897 1.3698226 1.0284556 1.6275429 1.2655154 0.7995517 0.8815032 0.9472207 0.9294545 0.8815032 0.9530723 2.2134560 1.4308463 0.5616787 0.9090572 0.8183904 1.4845479 1.3119280 1.3763586 0.8986983 0.9646180 1.3129642 1.0441766 1.3946096 1.0500528 0.9824015 1.0142508 1.4157729 1.1518052 0.0000000 0.9711932 1.1021692 0.6950496 0.9133374 0.0671654 0.9616062 1.5192245 0.9115063 
Glyma.15G254700 1.1181885 0.9605223 1.2547938 1.6049734 1.9627196 1.1852342 1.2554179 1.6874927 1.1658159 1.1932867 1.5588233 1.3053408 1.7404045 1.7199501 1.7478913 1.4163673 1.1383584 1.2378861 1.7396181 1.6937469 1.3876029 1.7907223 0.5407498 0.9049945 0.8463773 0.8379106 0.8303548 0.8463773 0.8585026 2.7036060 1.5847523 0.9530338 1.0976807 1.0750141 0.9518740 2.0252259 1.5739890 1.0656291 1.1759851 2.0352210 1.2380215 1.7057891 1.3036667 1.2607203 1.3215021 1.7166559 1.2585611 0.9711932 0.0000000 1.2090747 1.0536781 1.1681919 0.9781517 1.1151803 1.6590822 1.0782698 
Glyma.16G126900 0.4112800 1.0728207 1.3503324 1.5094092 1.4506152 0.0696409 1.3848161 1.4312121 1.0079513 0.7262939 1.4121879 1.3025423 1.3824258 1.3869318 1.4223495 1.0389720 1.0042806 1.0776726 1.7013669 1.4402665 1.0425267 1.4038666 1.3782749 0.7715187 1.0904044 1.0642151 1.0256249 1.0904044 1.0485571 2.3099174 1.5005617 1.0409406 0.4148255 1.0956590 0.7195984 1.4896808 1.3951773 1.2111420 0.6650183 1.4855117 0.9997322 1.3080248 1.0188501 0.9895439 0.9995932 1.3696691 1.2424601 1.1021692 1.2090747 0.0000000 1.0880054 0.9823192 1.0398876 0.7993249 1.7890100 0.4153876 
Glyma.16G127100 0.9420909 0.4042806 0.9017956 1.4497517 1.7941096 1.0892909 1.2919623 1.4718705 0.7501706 0.6950642 0.9824529 1.3942477 1.6666608 1.3957154 1.4234457 1.1484704 0.7624438 1.1391560 1.2963057 1.4465915 1.1601533 1.6808086 1.4971853 0.9005355 1.0465954 0.9626294 0.9327551 1.0465954 0.9709641 2.2793331 1.4288163 0.4144552 0.9181889 0.7137535 1.0565435 1.5642040 1.4862263 0.8485640 0.9703668 1.5909287 1.1260746 1.6552781 1.0613650 1.0212682 1.0216037 1.6804784 1.1951094 0.6950496 1.0536781 1.0880054 0.0000000 0.9120905 0.6424461 0.9866625 1.6094420 0.9069560 
Glyma.17G248300 0.8935101 0.8961765 1.3132604 1.3027715 1.3697326 0.9725047 1.0295764 1.3680875 0.9723279 0.3739302 1.5915094 1.1273779 1.2159948 1.2788551 1.2619736 1.0412911 0.9583735 0.9672756 1.6717630 1.2906576 1.0346459 1.2180857 1.3109557 0.7169337 0.9787076 1.0138296 0.9997659 0.9787076 1.0148675 2.1700452 1.2408950 0.9095787 0.8794768 1.3307791 0.4487390 1.4795501 1.4169683 1.3504903 0.8789412 1.4683251 0.8992501 1.0148444 0.2204688 0.2309846 0.1363513 1.0830211 1.0471156 0.9133374 1.1681919 0.9823192 0.9120905 0.0000000 0.8714057 0.9437990 1.4400047 0.8859669 
Glyma.17G258500 0.9137392 0.5373706 0.9536439 1.4645599 1.8358366 1.0345600 1.3150249 1.4123596 0.3362378 0.6573274 1.1906373 1.2720976 1.4595514 1.3595839 1.3856436 1.0353605 0.3501972 0.9832850 1.4229875 1.3934601 0.9704867 1.5076311 1.3084457 0.7818835 0.8709070 0.9339400 0.9160439 0.8709070 0.9416697 2.2558997 1.4501586 0.5172352 0.8895451 0.7866542 1.3558746 1.3163392 1.3562444 0.8160894 0.9332000 1.2929281 1.0173303 1.2645264 1.0180834 0.9520371 0.9698897 1.3240607 1.1262130 0.0671654 0.9781517 1.0398876 0.6424461 0.8714057 0.0000000 0.8921490 1.5000317 0.8677753 
Glyma.17G258600 0.8475024 0.9507822 1.2879862 1.4949589 1.7974700 0.8206282 1.3485513 1.4229115 1.0101525 0.6820664 1.5023287 1.3253280 1.4657230 1.5532645 1.6198807 0.9990871 1.0154255 1.0189104 1.9159324 1.4020747 0.9768084 1.4994424 1.2073332 0.7746808 1.0210625 1.0934321 1.0713361 1.0210625 1.0936356 2.2493262 1.4661210 0.9170157 0.8323292 1.1418630 0.8985315 1.4915848 1.2871366 1.2534154 0.6755630 1.5026537 0.9814198 1.3691319 1.0008149 1.0014627 1.0075996 1.4186897 1.1985825 0.9616062 1.1151803 0.7993249 0.9866625 0.9437990 0.8921490 0.0000000 1.5873221 0.7676935 
Glyma.19G018400 1.8043277 1.6629701 1.9747976 1.6988940 1.8873658 1.7587496 1.8055600 1.7245816 1.5209962 1.2226632 2.0802152 1.5347731 1.8523732 1.7330911 1.7715568 1.3529160 1.5666000 1.5675319 2.1657688 1.7895137 1.3677116 1.8383907 1.9002797 1.2224517 1.5117770 1.5855642 1.5786623 1.5117770 1.5397850 2.8720827 1.6350102 1.6057327 1.7966892 1.7212017 1.7730060 1.5891486 1.6549325 1.7296578 1.8150417 1.6078074 1.5801901 1.6519958 1.3943708 1.3420328 1.4687812 1.7388855 1.8107544 1.5192245 1.6590822 1.7890100 1.6094420 1.4400047 1.5000317 1.5873221 0.0000000 1.7305717 
Vmungo          0.1179514 0.9328272 1.2824627 1.5108691 1.5935497 0.4485278 1.3024795 1.3376063 0.9084512 0.6499702 1.3994129 1.3625697 1.3050464 1.3368834 1.4368970 0.9556963 0.8825726 1.0590712 1.6256919 1.2822819 0.9714091 1.3474719 1.1983231 0.7151253 0.9077675 0.9352578 0.8620032 0.9077675 0.8959634 2.1097262 1.4946676 0.8917669 0.1326043 1.1361500 0.7933808 1.5025331 1.2737207 1.2040636 0.5734724 1.5142248 0.9256907 1.3081587 0.9364184 0.9025579 0.9073268 1.3073051 1.2002329 0.9115063 1.0782698 0.4153876 0.9069560 0.8859669 0.8677753 0.7676935 1.7305717 0.0000000 
